-1,10 = 8370
-1,11 = 20670
-1,12 = 29430
-1,13 = 26340
-1,14 = 42000
-1,15 = 35370
-1,16 = 57990
-1,17 = 54990
-1,18 = 33420
-1,19 = 74490
-1,2 = 2790
-1,20 = 21570
-1,21 = 19530
-1,22 = 33000
-1,23 = 41640
-1,24 = 26850
-1,25 = 85920
-1,26 = 25050
-1,27 = 4320
-1,28 = 19290
-1,29 = 17760
-1,3 = 2040
-1,4 = 3090
-1,5 = 900
-1,6 = 1920
-1,7 = 2790
-1,8 = 12300
-1,9 = 5490
-10,1 = 71160
-10,10 = 68940
-10,11 = 61410
-10,12 = 50190
-10,13 = 41910
-10,14 = 29430
-10,15 = 32220
-10,16 = 18900
-10,17 = 20670
-10,18 = 13530
-10,19 = 16500
-10,2 = 243660
-10,20 = 15060
-10,21 = 20670
-10,22 = 33390
-10,23 = 49920
-10,24 = 59280
-10,25 = 7500
-10,26 = 18840
-10,27 = 30720
-10,3 = 222660
-10,4 = 201330
-10,5 = 179940
-10,6 = 166920
-10,7 = 158310
-10,8 = 152580
-10,9 = 132840
-11,1 = 83970
-11,10 = 65250
-11,11 = 56400
-11,12 = 50310
-11,13 = 40650
-11,14 = 39570
-11,15 = 32280
-11,16 = 23520
-11,17 = 18540
-11,18 = 26670
-11,19 = 24270
-11,2 = 264360
-11,20 = 27990
-11,21 = 27360
-11,22 = 32130
-11,23 = 57600
-11,24 = 31680
-11,26 = 34440
-11,27 = 4710
-11,3 = 223410
-11,4 = 191490
-11,5 = 170730
-11,6 = 159450
-11,7 = 150690
-11,8 = 141420
-11,9 = 76560
-12,1 = 65340
-12,10 = 45930
-12,11 = 35460
-12,12 = 33870
-12,13 = 31770
-12,14 = 28800
-12,15 = 29400
-12,16 = 24270
-12,17 = 20280
-12,18 = 16440
-12,19 = 18660
-12,2 = 218850
-12,20 = 19110
-12,21 = 14760
-12,22 = 9810
-12,23 = 66360
-12,24 = 16080
-12,25 = 18930
-12,26 = 32730
-12,3 = 199740
-12,4 = 165600
-12,5 = 144030
-12,6 = 129990
-12,7 = 119010
-12,8 = 67440
-12,9 = 49890
-13,1 = 600
-13,10 = 31770
-13,11 = 30720
-13,12 = 27900
-13,13 = 22890
-13,14 = 24840
-13,15 = 19800
-13,16 = 14430
-13,17 = 6000
-13,18 = 10530
-13,19 = 16470
-13,2 = 297270
-13,20 = 23250
-13,21 = 19050
-13,22 = 18510
-13,23 = 35010
-13,25 = 14190
-13,26 = 25410
-13,3 = 218070
-13,4 = 163830
-13,5 = 137610
-13,6 = 117960
-13,7 = 63510
-13,8 = 41970
-13,9 = 38460
-14,1 = 141720
-14,10 = 34620
-14,11 = 30330
-14,12 = 23520
-14,13 = 22740
-14,14 = 21630
-14,15 = 27450
-14,16 = 20520
-14,17 = 15390
-14,18 = 12510
-14,19 = 13980
-14,2 = 445620
-14,20 = 14160
-14,21 = 12540
-14,22 = 18930
-14,23 = 31830
-14,24 = 17970
-14,25 = 10500
-14,26 = 15120
-14,3 = 212220
-14,4 = 152880
-14,5 = 110310
-14,6 = 57540
-14,7 = 43860
-14,8 = 38340
-14,9 = 34140
-15,1 = 432480
-15,10 = 30990
-15,11 = 29340
-15,12 = 25530
-15,13 = 25800
-15,14 = 23970
-15,15 = 18240
-15,16 = 18870
-15,17 = 13680
-15,18 = 13860
-15,19 = 15960
-15,2 = 289680
-15,20 = 9420
-15,21 = 11880
-15,22 = 56310
-15,23 = 9930
-15,24 = 2730
-15,25 = 37590
-15,3 = 139920
-15,4 = 79830
-15,5 = 50460
-15,6 = 42810
-15,7 = 38580
-15,8 = 37260
-15,9 = 33840
-16,1 = 76380
-16,10 = 29910
-16,11 = 28440
-16,12 = 29460
-16,13 = 25320
-16,14 = 23880
-16,15 = 24000
-16,16 = 26340
-16,17 = 17610
-16,18 = 13170
-16,19 = 11460
-16,2 = 106830
-16,20 = 9990
-16,21 = 15510
-16,22 = 16110
-16,23 = 15570
-16,25 = 26430
-16,3 = 78540
-16,4 = 51000
-16,5 = 44040
-16,6 = 40650
-16,7 = 35250
-16,8 = 32760
-16,9 = 30660
-17,1 = 39420
-17,10 = 27000
-17,11 = 26610
-17,12 = 23910
-17,13 = 23880
-17,14 = 24510
-17,15 = 25470
-17,16 = 27420
-17,17 = 18240
-17,18 = 13140
-17,19 = 9810
-17,2 = 55470
-17,20 = 9570
-17,21 = 7950
-17,22 = 5340
-17,23 = 7050
-17,24 = 15900
-17,25 = 8700
-17,3 = 78810
-17,4 = 43860
-17,5 = 38820
-17,6 = 36750
-17,7 = 32730
-17,8 = 31980
-17,9 = 31500
-18,1 = 18000
-18,10 = 26790
-18,11 = 24930
-18,12 = 23640
-18,13 = 26640
-18,14 = 26010
-18,15 = 26100
-18,16 = 23880
-18,17 = 18180
-18,18 = 12690
-18,19 = 9450
-18,2 = 35730
-18,20 = 5100
-18,21 = 8070
-18,22 = 1920
-18,23 = 7980
-18,24 = 17400
-18,3 = 63030
-18,4 = 49320
-18,5 = 39000
-18,6 = 33360
-18,7 = 31500
-18,8 = 27840
-18,9 = 24630
-19,1 = 1830
-19,10 = 24510
-19,11 = 23700
-19,12 = 26400
-19,13 = 26310
-19,14 = 22410
-19,15 = 24570
-19,16 = 21000
-19,17 = 17250
-19,18 = 13620
-19,19 = 4920
-19,2 = 22050
-19,20 = 10530
-19,21 = 1920
-19,22 = 7380
-19,23 = 12510
-19,24 = 6240
-19,3 = 37260
-19,4 = 47580
-19,5 = 35370
-19,6 = 30780
-19,7 = 28470
-19,8 = 24330
-19,9 = 25770
-2,1 = 4710
-2,10 = 48120
-2,11 = 56040
-2,12 = 77940
-2,13 = 76650
-2,14 = 71880
-2,15 = 54660
-2,16 = 21150
-2,17 = 71760
-2,18 = 36060
-2,19 = 89730
-2,2 = 5700
-2,20 = 12600
-2,21 = 7470
-2,22 = 20910
-2,23 = 28560
-2,24 = 26640
-2,25 = 112260
-2,26 = 15690
-2,27 = 21630
-2,28 = 69960
-2,29 = 12900
-2,3 = 9330
-2,4 = 3930
-2,5 = 9480
-2,6 = 19140
-2,7 = 32250
-2,8 = 45300
-2,9 = 78510
-20,10 = 24780
-20,11 = 27510
-20,12 = 26070
-20,13 = 23400
-20,14 = 22200
-20,15 = 16740
-20,16 = 16890
-20,17 = 17310
-20,18 = 13410
-20,19 = 23310
-20,2 = 2670
-20,20 = 5370
-20,21 = 6000
-20,22 = 9240
-20,3 = 15390
-20,4 = 21750
-20,5 = 27300
-20,6 = 28680
-20,7 = 27510
-20,8 = 28470
-20,9 = 25110
-21,10 = 25710
-21,11 = 22290
-21,12 = 18810
-21,13 = 20550
-21,14 = 20460
-21,15 = 15360
-21,16 = 13260
-21,17 = 14670
-21,18 = 14220
-21,19 = 7770
-21,20 = 5310
-21,21 = 12240
-21,22 = 6060
-21,3 = 3900
-21,4 = 9630
-21,5 = 10260
-21,6 = 13170
-21,7 = 19620
-21,8 = 21090
-21,9 = 24240
-22,10 = 14160
-22,11 = 16470
-22,12 = 18870
-22,13 = 15780
-22,14 = 9720
-22,15 = 19530
-22,16 = 14850
-22,17 = 11400
-22,18 = 5190
-22,19 = 10110
-22,20 = 6210
-22,21 = 12240
-22,22 = 11250
-22,3 = 870
-22,4 = 1920
-22,5 = 1200
-22,6 = 2880
-22,7 = 5670
-22,8 = 9450
-22,9 = 13380
-23,10 = 5160
-23,11 = 7830
-23,12 = 8250
-23,13 = 8820
-23,14 = 8760
-23,15 = 6090
-23,16 = 10470
-23,17 = 4440
-23,18 = 6450
-23,19 = 2340
-23,20 = 5310
-23,21 = 9690
-23,22 = 11100
-23,4 = 2820
-23,5 = 510
-23,7 = 120
-23,8 = 6930
-23,9 = 3450
-24,13 = 1530
-24,14 = 4950
-24,15 = 750
-24,16 = 1170
-24,17 = 1500
-24,18 = 9090
-24,19 = 8520
-24,20 = 11940
-24,21 = 11940
-24,22 = 1470
-24,5 = 3900
-24,6 = 150
-24,8 = 990
-24,9 = 3450
-25,10 = 7050
-25,11 = 6390
-25,12 = 9750
-25,13 = 10350
-25,14 = 10980
-25,15 = 11700
-25,16 = 12570
-25,17 = 13560
-25,18 = 5910
-25,19 = 10740
-25,20 = 9450
-25,21 = 5010
-25,6 = 4230
-25,7 = 810
-25,8 = 60
-25,9 = 4110
-26,11 = 3480
-26,12 = 5490
-26,13 = 5850
-26,14 = 6210
-26,15 = 6720
-26,16 = 7230
-26,17 = 5760
-26,18 = 5940
-26,19 = 8580
-26,20 = 4860
-26,7 = 3690
-26,8 = 3090
-27,10 = 420
-27,8 = 1560
-27,9 = 4890
-3,1 = 930
-3,10 = 89550
-3,11 = 48180
-3,12 = 30750
-3,13 = 48480
-3,14 = 25320
-3,15 = 55350
-3,16 = 27270
-3,17 = 43650
-3,18 = 14760
-3,19 = 51510
-3,2 = 3750
-3,20 = 18840
-3,21 = 6330
-3,22 = 26130
-3,23 = 19020
-3,24 = 41850
-3,25 = 123180
-3,27 = 960
-3,28 = 41130
-3,29 = 6870
-3,3 = 1950
-3,4 = 11250
-3,5 = 32430
-3,6 = 28590
-3,7 = 69690
-3,8 = 75480
-3,9 = 65100
-4,1 = 8070
-4,10 = 63870
-4,11 = 28170
-4,12 = 23340
-4,13 = 38430
-4,14 = 36120
-4,15 = 30570
-4,16 = 22560
-4,17 = 22320
-4,18 = 21300
-4,19 = 32970
-4,2 = 12540
-4,20 = 7890
-4,21 = 14160
-4,22 = 19350
-4,23 = 22500
-4,24 = 36840
-4,25 = 123330
-4,26 = 18450
-4,27 = 21870
-4,28 = 70770
-4,3 = 9510
-4,4 = 18480
-4,5 = 29850
-4,6 = 38880
-4,7 = 28470
-4,8 = 42330
-4,9 = 35370
-5,1 = 108960
-5,10 = 47280
-5,11 = 26790
-5,12 = 30270
-5,13 = 24270
-5,14 = 32010
-5,15 = 16740
-5,16 = 26280
-5,17 = 11100
-5,18 = 21420
-5,19 = 24240
-5,2 = 149940
-5,20 = 8130
-5,21 = 19440
-5,22 = 13770
-5,23 = 29280
-5,24 = 49230
-5,25 = 95550
-5,27 = 3450
-5,28 = 45000
-5,3 = 220170
-5,4 = 151530
-5,5 = 95340
-5,6 = 52350
-5,7 = 32460
-5,8 = 36750
-5,9 = 25110
-6,1 = 120390
-6,10 = 36660
-6,11 = 26520
-6,12 = 26340
-6,13 = 20880
-6,14 = 22560
-6,15 = 17550
-6,16 = 16200
-6,17 = 19590
-6,18 = 25140
-6,19 = 14280
-6,2 = 183840
-6,20 = 13050
-6,21 = 12270
-6,22 = 20550
-6,23 = 31620
-6,24 = 46530
-6,25 = 75150
-6,26 = 23130
-6,27 = 39450
-6,28 = 34200
-6,3 = 289680
-6,4 = 205800
-6,5 = 155370
-6,6 = 143190
-6,7 = 121140
-6,8 = 91650
-6,9 = 60510
-7,1 = 121830
-7,10 = 66660
-7,11 = 22620
-7,12 = 18150
-7,13 = 25650
-7,14 = 15930
-7,15 = 18990
-7,16 = 13920
-7,17 = 23160
-7,18 = 14910
-7,19 = 7260
-7,2 = 221880
-7,20 = 14070
-7,21 = 9930
-7,22 = 26190
-7,23 = 35130
-7,24 = 49860
-7,25 = 54720
-7,27 = 30960
-7,28 = 19290
-7,3 = 254730
-7,4 = 167131
-7,5 = 162360
-7,6 = 159120
-7,7 = 165270
-7,8 = 146970
-7,9 = 119640
-8,1 = 126210
-8,10 = 83670
-8,11 = 34980
-8,12 = 28200
-8,13 = 22020
-8,14 = 21210
-8,15 = 10470
-8,16 = 19950
-8,17 = 15810
-8,18 = 6840
-8,19 = 12930
-8,2 = 222240
-8,20 = 6900
-8,21 = 9450
-8,22 = 26850
-8,23 = 24750
-8,24 = 82110
-8,25 = 31710
-8,26 = 37980
-8,27 = 44610
-8,28 = 1080
-8,3 = 207540
-8,4 = 185520
-8,5 = 182100
-8,6 = 168570
-8,7 = 161190
-8,8 = 152280
-8,9 = 135300
-9,1 = 105240
-9,10 = 84480
-9,11 = 42390
-9,12 = 38490
-9,13 = 27630
-9,14 = 18570
-9,15 = 15540
-9,16 = 14820
-9,17 = 8250
-9,18 = 11430
-9,19 = 8520
-9,2 = 223560
-9,20 = 12810
-9,21 = 14820
-9,22 = 28500
-9,23 = 43980
-9,24 = 87450
-9,26 = 4170
-9,27 = 53850
-9,3 = 192840
-9,4 = 211560
-9,5 = 180450
-9,6 = 166020
-9,7 = 160590
-9,8 = 151140
-9,9 = 144360
0,10 = 3690
0,11 = 5790
0,12 = 8580
0,13 = 5220
0,14 = 5190
0,15 = 6150
0,16 = 12420
0,17 = 14070
0,18 = 25320
0,19 = 13560
0,2 = 3000
0,20 = 13740
0,21 = 20970
0,22 = 33210
0,23 = 26370
0,24 = 32160
0,25 = 99720
0,26 = 38040
0,27 = 13380
0,28 = 28410
0,29 = 36990
0,4 = 3240
0,5 = 3270
0,6 = 2910
0,7 = 2910
0,8 = 17940
0,9 = 2910
1,11 = 2850
1,12 = 5460
1,13 = 9450
1,14 = 5730
1,15 = 5370
1,16 = 5550
1,17 = 6120
1,18 = 5850
1,19 = 6480
1,2 = 3210
1,20 = 7830
1,21 = 8130
1,22 = 8640
1,23 = 15720
1,24 = 39360
1,25 = 102300
1,26 = 45810
1,27 = 7710
1,28 = 18660
1,29 = 38640
1,4 = 240
1,5 = 4650
1,6 = 3150
1,7 = 3150
1,8 = 12960
1,9 = 9810
10,1 = 7050
10,10 = 124710
10,11 = 122490
10,12 = 109050
10,13 = 102240
10,14 = 103830
10,15 = 119160
10,16 = 121350
10,17 = 113340
10,18 = 121320
10,19 = 137250
10,2 = 12810
10,20 = 151230
10,21 = 175710
10,22 = 90300
10,23 = 32910
10,24 = 28860
10,25 = 32700
10,26 = 29130
10,27 = 41880
10,28 = 34470
10,29 = 75420
10,3 = 2190
10,4 = 10410
10,5 = 17640
10,6 = 51930
10,7 = 116370
10,8 = 211920
10,9 = 147090
11,1 = 14340
11,10 = 192450
11,11 = 166170
11,12 = 137250
11,13 = 147480
11,14 = 154020
11,15 = 176610
11,16 = 165480
11,17 = 159150
11,18 = 145920
11,19 = 127920
11,2 = 1140
11,20 = 87270
11,21 = 36570
11,22 = 30870
11,23 = 34980
11,24 = 37530
11,25 = 33780
11,26 = 37260
11,27 = 36660
11,28 = 60810
11,29 = 46590
11,3 = 7740
11,4 = 10350
11,5 = 2430
11,6 = 40320
11,7 = 129630
11,8 = 271830
11,9 = 175770
12,1 = 9030
12,10 = 113400
12,11 = 113760
12,12 = 87330
12,13 = 79110
12,14 = 76650
12,15 = 68790
12,16 = 38790
12,17 = 37560
12,18 = 38460
12,19 = 41610
12,2 = 9000
12,20 = 42000
12,21 = 42000
12,22 = 42540
12,23 = 35070
12,24 = 40260
12,25 = 44190
12,26 = 36060
12,27 = 47520
12,28 = 71220
12,29 = 17640
12,3 = 4920
12,4 = 4050
12,5 = 8760
12,6 = 18990
12,7 = 72240
12,8 = 178020
12,9 = 151830
13,1 = 1920
13,10 = 73860
13,11 = 38880
13,12 = 40260
13,13 = 47640
13,14 = 44820
13,15 = 48390
13,16 = 38700
13,17 = 49830
13,18 = 46710
13,19 = 44520
13,2 = 10440
13,20 = 40890
13,21 = 48630
13,22 = 45660
13,23 = 53340
13,24 = 47160
13,25 = 54720
13,26 = 59850
13,27 = 57060
13,28 = 44910
13,3 = 9420
13,4 = 7920
13,5 = 5880
13,6 = 7560
13,7 = 48300
13,8 = 37890
13,9 = 40590
14,10 = 63360
14,11 = 51930
14,12 = 50190
14,13 = 59100
14,14 = 55710
14,15 = 57240
14,16 = 48000
14,17 = 58740
14,18 = 58350
14,19 = 59460
14,2 = 3600
14,20 = 30270
14,21 = 56010
14,22 = 62940
14,23 = 71010
14,24 = 88650
14,25 = 64020
14,26 = 59790
14,27 = 58890
14,28 = 4080
14,3 = 12930
14,4 = 11610
14,5 = 10020
14,6 = 9270
14,7 = 16920
14,8 = 95190
14,9 = 86520
15,10 = 69210
15,11 = 90390
15,12 = 78360
15,13 = 66180
15,14 = 94020
15,15 = 81930
15,16 = 65700
15,17 = 85380
15,18 = 88290
15,19 = 85080
15,20 = 56010
15,21 = 75870
15,22 = 94140
15,23 = 100230
15,24 = 90180
15,25 = 59160
15,26 = 49980
15,27 = 8520
15,3 = 1110
15,4 = 12450
15,5 = 26700
15,6 = 38820
15,7 = 53460
15,8 = 74040
15,9 = 90930
16,10 = 37590
16,11 = 60270
16,12 = 39870
16,13 = 27660
16,14 = 46410
16,15 = 66480
16,16 = 46950
16,17 = 58890
16,18 = 66750
16,19 = 58620
16,20 = 53100
16,21 = 59220
16,22 = 52800
16,23 = 43710
16,24 = 23430
16,25 = 7860
16,9 = 31050
17,17 = 1410
2,12 = 2340
2,13 = 5550
2,14 = 5760
2,15 = 5910
2,16 = 5790
2,17 = 5880
2,18 = 6540
2,19 = 7020
2,2 = 1650
2,20 = 7920
2,21 = 14880
2,22 = 7740
2,23 = 18720
2,24 = 47490
2,25 = 86670
2,26 = 36480
2,27 = 25260
2,28 = 49140
2,29 = 65160
2,3 = 1770
2,5 = 1470
2,6 = 5580
2,7 = 3330
2,8 = 10050
2,9 = 10440
3,10 = 480
3,11 = 1560
3,12 = 3420
3,13 = 5280
3,14 = 9780
3,15 = 9750
3,16 = 14820
3,17 = 15330
3,18 = 10470
3,19 = 12420
3,20 = 13290
3,21 = 16320
3,22 = 15990
3,23 = 32220
3,24 = 48030
3,25 = 91680
3,26 = 23940
3,27 = 26940
3,28 = 20070
3,29 = 36750
3,3 = 8850
3,4 = 870
3,5 = 30
3,6 = 6300
3,7 = 5070
3,8 = 11070
3,9 = 12300
4,10 = 15930
4,11 = 20880
4,12 = 19110
4,13 = 27120
4,14 = 32910
4,15 = 30960
4,16 = 32490
4,17 = 32040
4,18 = 26700
4,19 = 26640
4,20 = 31920
4,21 = 39270
4,22 = 37260
4,23 = 43230
4,24 = 53430
4,25 = 109050
4,26 = 21180
4,27 = 19110
4,28 = 46920
4,29 = 78840
4,3 = 8310
4,4 = 14550
4,5 = 18630
4,6 = 33540
4,7 = 34680
4,8 = 36630
4,9 = 31260
5,10 = 40140
5,11 = 36600
5,12 = 38490
5,13 = 40230
5,14 = 39630
5,15 = 49500
5,16 = 40890
5,17 = 49410
5,18 = 47700
5,19 = 47010
5,20 = 49410
5,21 = 51330
5,22 = 47220
5,23 = 59700
5,24 = 61740
5,25 = 102540
5,26 = 24600
5,27 = 28200
5,28 = 40260
5,29 = 58770
5,3 = 19710
5,4 = 25020
5,5 = 44100
5,6 = 51900
5,7 = 76680
5,8 = 82200
5,9 = 52620
6,10 = 71280
6,11 = 52080
6,12 = 58290
6,13 = 58230
6,14 = 58140
6,15 = 54300
6,16 = 62040
6,17 = 58620
6,18 = 63150
6,19 = 65460
6,2 = 3300
6,20 = 60480
6,21 = 62310
6,22 = 68370
6,23 = 70800
6,24 = 77250
6,25 = 98220
6,26 = 26670
6,27 = 33600
6,28 = 25620
6,29 = 62460
6,3 = 15120
6,30 = 840
6,4 = 28620
6,5 = 50760
6,6 = 50160
6,7 = 85410
6,8 = 119130
6,9 = 79920
7,10 = 86910
7,11 = 77550
7,12 = 76230
7,13 = 73710
7,14 = 78990
7,15 = 68910
7,16 = 66840
7,17 = 81570
7,18 = 67920
7,19 = 76890
7,2 = 9720
7,20 = 76050
7,21 = 75630
7,22 = 83340
7,23 = 79890
7,24 = 121470
7,25 = 30930
7,26 = 28200
7,27 = 28290
7,28 = 48630
7,29 = 74760
7,3 = 10650
7,30 = 5520
7,4 = 19530
7,5 = 44910
7,6 = 52590
7,7 = 83970
7,8 = 140610
7,9 = 87780
8,10 = 102690
8,11 = 86310
8,12 = 84120
8,13 = 76320
8,14 = 78180
8,15 = 94170
8,16 = 77160
8,17 = 79590
8,18 = 100590
8,19 = 76710
8,2 = 11190
8,20 = 90600
8,21 = 78990
8,22 = 103740
8,23 = 93480
8,24 = 80520
8,25 = 26610
8,26 = 29880
8,27 = 36780
8,28 = 33630
8,29 = 50070
8,3 = 11130
8,30 = 3870
8,4 = 8490
8,5 = 35250
8,6 = 68040
8,7 = 88770
8,8 = 151290
8,9 = 93060
9,1 = 4770
9,10 = 111840
9,11 = 100080
9,12 = 95340
9,13 = 81720
9,14 = 86220
9,15 = 102240
9,16 = 98730
9,17 = 90780
9,18 = 104280
9,19 = 106920
9,2 = 13380
9,20 = 91740
9,21 = 122490
9,22 = 135450
9,23 = 74880
9,24 = 30510
9,25 = 25470
9,26 = 30000
9,27 = 39600
9,28 = 37290
9,29 = 69540
9,3 = 6330
9,4 = 3510
9,5 = 30000
9,6 = 68580
9,7 = 97950
9,8 = 170850
9,9 = 109980
NaN,NaN = 0
