0.892075300216675
11.0382919311523
0.631936371326447
0.102339394390583
6.04999446868896
0.0671835392713547
0.614525675773621
0.863398373126984
7.25253486633301
1.10523891448975
1.07606112957001
1.99114072322845
0.476464539766312
1.31760931015015
3.70754432678223
1.1805374622345
1.25263452529907
15.412935256958
1.39454412460327
11.4587888717651
0.157868608832359
1.47028684616089
1.63106143474579
0.00904573313891888
6.11400938034058
1.04128098487854
10.436354637146
10.1449756622314
2.06129312515259
0.794522523880005
6.11050271987915
0.157079502940178
0.00788014754652977
1.23019301891327
8.24056053161621
0.563139319419861
5.36040163040161
0.0426173359155655
3.04028463363647
3.5883674621582
2.69452500343323
8.04116725921631
5.84752941131592
5.00469493865967
9.41043090820313
0.0311695076525211
1.57534849643707
15.6498889923096
11.2307825088501
4.72266626358032
0.00626385258510709
0.213776409626007
5.77858448028564
3.59575605392456
0.427356690168381
8.9938907623291
9.43966388702393
0.0163703095167875
12.6224279403687
1.93024504184723
3.86622595787048
0.00750984065234661
1.82362067699432
4.5803804397583
1.84408712387085
0.843226730823517
3.4481053352356
1.13371193408966
8.28800678253174
0.0410391911864281
2.92736792564392
11.2029752731323
4.75548648834229
7.01330804824829
2.71225714683533
0.068522647023201
5.1891188621521
0.00588563969358802
10.8073692321777
2.02857089042664
0.389528453350067
12.3608732223511
0.0396239012479782
0.119651436805725
6.2336106300354
0.956161439418793
5.57668161392212
3.75254940986633
1.07424223423004
0.00947969779372215
1.05547666549683
0.867161333560944
11.0217266082764
0.893353581428528
8.16129970550537
0.456500649452209
0.61633688211441
2.11943078041077
10.9568357467651
0.371047824621201
7.43017148971558
2.06498026847839
26.4522972106934
0.00728182913735509
2.53212738037109
6.64621543884277
0.0020357824396342
13.6330738067627
0.559255540370941
6.80586719512939
9.3025951385498
0.0493085645139217
8.89461421966553
10.4691066741943
8.68768119812012
14.2374658584595
0.0571100674569607
1.09765124320984
3.41004037857056
6.05091285705566
1.60668635368347
5.40124368667603
7.73771905899048
9.29085826873779
7.75802755355835
0.535297989845276
11.1081705093384
10.6602964401245
0.649907052516937
0.846699297428131
0.39746218919754
3.69710636138916
7.56532669067383
6.57593441009521
11.9691143035889
2.75097846984863
0.700898289680481
0.165227338671684
0.0189678855240345
6.37454700469971
0.722927808761597
4.29435110092163
19.9438190460205
4.37302684783936
11.5341606140137
2.93489861488342
2.3124737739563
14.6530895233154
0.0454754941165447
1.48750948905945
0.246099174022675
3.0008442401886
4.45803689956665
4.17063045501709
2.49623870849609
19.9450645446777
8.15783309936523
11.5424699783325
12.0667533874512
4.7316107749939
0.317545205354691
0.0239061582833529
0.556876361370087
2.82794189453125
3.5582959651947
12.3909206390381
4.11020135879517
0.836570203304291
1.22915577888489
0.0135405398905277
19.2310523986816
0.0183542333543301
1.13022923469543
1.66000998020172
7.11092615127563
5.45980262756348
2.71473264694214
1.07710695266724
2.14304041862488
0.00944471079856157
0.693194985389709
0.0482319109141827
0.00797756947577
3.9202241897583
2.48317813873291
0.443214774131775
5.44864988327026
3.97998976707458
0.396857708692551
0.024662796407938
10.1786575317383
3.95135951042175
NaN
0.0301865488290787
1.2535959482193
0.0771537572145462
0.890718638896942
14.6901149749756
0.0198869816958904
5.5171856880188
0.882246494293213
2.52313327789307
9.19690990447998
2.53813505172729
0.292364627122879
2.57767534255981
0.0983442217111588
12.5935230255127
8.94148349761963
1.80681836605072
4.44156074523926
0.264347672462463
5.44786357879639
0.123686328530312
11.9496164321899
0.196832358837128
3.0815212726593
1.43681442737579
14.0492506027222
5.27803325653076
3.14464068412781
0.0205698814243078
0.0816871896386147
9.91038417816162
21.3577613830566
12.8575410842896
10.5409116744995
8.88348960876465
0.0294632874429226
10.0839872360229
1.71127915382385
8.43978118896484
0.0957957431674004
2.61760187149048
1.15628707408905
0.263031512498856
1.61954510211945
2.0703661441803
10.3269786834717
0.0421080812811852
0.892652034759521
0.274068683385849
0.00540014915168285
8.1398229598999
1.20812094211578
5.67358589172363
0.613901793956757
0.0112784551456571
0.0636452212929726
3.09852242469788
1.56040143966675
0.0234692748636007
1.0906149148941
10.6901483535767
0.0179251413792372
12.1259174346924
0.0680853575468063
4.82128047943115
8.15223979949951
5.11064577102661
4.08035182952881
11.0775175094604
8.65095615386963
2.81526470184326
8.45007801055908
1.55656373500824
1.69636702537537
3.48473453521729
0.224579900503159
7.71624135971069
0.388408452272415
0.476711958646774
0.0247283540666103
0.132196053862572
0.860718369483948
0.814624667167664
10.9804563522339
12.3995981216431
0.0121493842452765
0.355837196111679
9.7287540435791
0.56902003288269
5.07829093933105
10.3913822174072
6.77439737319946
1.34733390808105
1.3892959356308
1.77152299880981
0.108243249356747
0.150213852524757
0.0116888452321291
11.2340688705444
0.136532232165337
0.0858195945620537
0.014525406062603
7.08566904067993
0.176877304911613
0.0205205474048853
0.704599738121033
10.6123723983765
0.266877055168152
0.0315372981131077
4.74204254150391
9.86224555969238
11.3530206680298
9.59425354003906
0.056738443672657
9.08832263946533
11.260537147522
0.517219841480255
2.00303411483765
1.97258758544922
1.57925450801849
2.53429007530212
6.94919347763062
3.61903500556946
0.0965615585446358
0.0226344764232635
0.0698781684041023
0.770476996898651
5.55896663665771
0.0791091918945313
0.87241119146347
3.12333488464355
10.4499702453613
9.1767520904541
0.18916879594326
0.0154725331813097
0.400412648916245
9.43570137023926
11.4515342712402
0.089625358581543
2.17206025123596
13.8061323165894
0.494918078184128
0.79249370098114
0.65776538848877
12.4455080032349
0.0294835921376944
0.215486884117126
0.0762087106704712
0.933915734291077
0.631293475627899
10.1843166351318
1.30648720264435
2.79687976837158
4.38663339614868
11.8935518264771
0.0329123772680759
13.3124809265137
2.76479315757751
5.50479888916016
1.54648959636688
26.1334476470947
0.125172734260559
4.94569969177246
4.24822664260864
1.36483311653137
5.09722280502319
1.39240515232086
1.14549112319946
0.00513601768761873
3.82326936721802
3.99238586425781
2.00417065620422
4.43037700653076
1.77046096324921
0.0238198135048151
1.8777881860733
0.21374736726284
0.0603301413357258
16.9023818969727
0.00806437619030476
4.76533126831055
1.60171127319336
0.723640918731689
0.35003188252449
0.0449144579470158
1.24719870090485
2.08588290214539
0.100337505340576
0.0320886820554733
10.2117967605591
10.9899587631226
4.52528762817383
0.141749233007431
0.00873697083443403
7.62321805953979
6.74859666824341
1.79892599582672
0.0499290227890015
11.6563625335693
0.0171592589467764
6.59029912948608
0.830122947692871
11.5168361663818
0.0222007501870394
7.25460958480835
7.47807168960571
0.153945744037628
9.990065574646
1.80447840690613
2.3483681678772
4.71287202835083
0.0359008871018887
0.135264411568642
1.05099749565125
1.81661033630371
1.09678566455841
2.22572588920593
2.18774175643921
15.685715675354
6.58982563018799
0.14762918651104
1.21579706668854
0.746313154697418
17.0943946838379
0.0558015517890453
8.41812038421631
0.914212942123413
0.283502399921417
1.42456650733948
0.066761888563633
1.03553736209869
12.2571430206299
0.352036267518997
2.14220380783081
3.16805768013
6.53679323196411
9.10022258758545
13.6485929489136
1.94257867336273
10.8222026824951
7.86902761459351
0.140658184885979
0.463562428951263
8.2263240814209
1.03343117237091
0.400654673576355
0.00693604350090027
4.80255222320557
0.0365934744477272
0.0219388958066702
0.652501046657562
11.8049287796021
12.5422992706299
5.94699954986572
0.00516264187172055
1.23010051250458
4.4213228225708
0.446268290281296
1.30242371559143
7.51274156570435
13.7114143371582
0.546226620674133
6.73085308074951
1.95105516910553
8.2868595123291
0.029741570353508
1.02811503410339
0.0302225556224585
0.609464883804321
1.36400592327118
2.62009763717651
5.91901159286499
1.51463556289673
2.54577422142029
0.053080290555954
1.60918569564819
1.82876527309418
0.017576327547431
0.370812684297562
14.3433980941772
6.72082805633545
1.27896809577942
1.36263430118561
0.0487016998231411
0.0163068994879723
8.6743106842041
2.6643328666687
8.47877216339111
2.24784302711487
6.54232263565063
2.0234477519989
1.43492794036865
2.85250353813171
7.71835899353027
1.91390526294708
1.20057702064514
0.0102021498605609
1.80408573150635
0.327205508947372
9.78860187530518
12.9557342529297
0.089671291410923
0.263869524002075
2.49350905418396
7.16548204421997
5.17443466186523
8.27753734588623
0.594508171081543
13.8942880630493
10.212384223938
0.290714949369431
0.959536254405975
0.0123714162036777
0.152008891105652
10.6690654754639
0.0623472854495049
10.799129486084
4.92063236236572
15.243800163269
11.8497953414917
1.82601499557495
3.01923608779907
2.32716917991638
0.271740436553955
1.58914482593536
0.0155878867954016
1.90551912784576
0.0857077687978745
0.766046047210693
7.66780471801758
0.763909518718719
0.0134823201224208
4.62081384658813
3.72025179862976
0.42320442199707
0.0473173633217812
0.0713041201233864
0.54907101392746
21.8853130340576
0.011106445454061
3.15371799468994
0.024412652477622
0.686309814453125
11.689453125
2.47479557991028
15.406418800354
0.955660462379456
0.0845835655927658
0.146020874381065
0.00813852716237307
2.08018326759338
0.251960039138794
10.0467510223389
4.75793218612671
1.03784596920013
9.0237398147583
4.44365692138672
1.66162467002869
1.0454683303833
2.20365023612976
8.19523239135742
10.3157625198364
6.58287811279297
8.17316436767578
0.0696013942360878
0.159744530916214
5.31104421615601
3.63878607749939
0.012177417986095
0.161227226257324
4.49348306655884
0.0525774620473385
3.87874913215637
3.1729371547699
2.28221106529236
2.17476582527161
0.106541141867638
7.49784517288208
2.35291433334351
1.29807424545288
4.86469793319702
2.90786266326904
4.22706508636475
3.01904249191284
6.96610832214355
3.2503490447998
6.81703615188599
2.54087018966675
1.70172452926636
8.2166919708252
0.802094995975494
0.0558849200606346
8.71548652648926
10.0174722671509
3.35191941261292
7.24880647659302
9.82948970794678
9.0884952545166
7.74559259414673
2.5833637714386
0.019053976982832
0.0678685531020164
8.42605781555176
9.32518100738525
1.65786576271057
13.9093322753906
5.70600414276123
0.711463510990143
0.3942611515522
2.5468602180481
0.225990548729897
9.85378742218018
1.02878904342651
0.0367076024413109
10.986912727356
0.574925184249878
9.43675422668457
6.56508731842041
1.22344934940338
1.2423290014267
8.61447334289551
2.36586499214172
0.022128377109766
0.199161857366562
0.0143189514055848
0.590843677520752
10.0540370941162
0.0502734892070293
4.38903045654297
1.30692577362061
3.11858057975769
0.165234550833702
7.17647695541382
8.75204753875732
1.07889831066132
2.27790522575378
4.60090160369873
13.6166143417358
9.4005823135376
4.04416608810425
9.11870574951172
2.27942585945129
1.89378356933594
0.0782159939408302
1.45857465267181
3.4271502494812
1.09429490566254
0.111265793442726
0.101471893489361
0.164163902401924
0.0274896584451199
3.32729983329773
0.056195106357336
0.673804759979248
0.113020218908787
9.53002548217773
15.2484750747681
0.0214756019413471
4.43836784362793
8.27600479125977
6.14619255065918
0.00733810756355524
4.69923067092896
9.73990726470947
1.84402978420258
0.423811614513397
3.55664849281311
0.0537414066493511
7.06279850006104
0.327787727117538
6.20980405807495
0.678036093711853
6.1947603225708
2.33887767791748
0.102691024541855
10.7808313369751
3.21993517875671
0.663335502147675
0.910809278488159
0.0909315198659897
1.29780566692352
5.59859991073608
2.05403470993042
8.88536834716797
0.693785905838013
3.69630908966064
11.2012119293213
4.34790802001953
0.081466443836689
0.426594138145447
0.122605971992016
4.91299724578857
3.70663118362427
7.08192777633667
0.0205378960818052
0.858334243297577
4.51355314254761
3.91825890541077
6.96792364120483
8.5608606338501
2.64263892173767
14.2637777328491
3.94393014907837
0.0174459181725979
2.1624972820282
0.420881718397141
0.97219717502594
6.07144165039063
8.55799674987793
7.93906354904175
6.39988374710083
1.42328488826752
0.620436728000641
0.689353108406067
1.34626841545105
3.35588097572327
0.032572615891695
0.518550217151642
6.11905813217163
0.254934161901474
4.02435874938965
0.726860165596008
6.63090848922729
0.0127672581002116
0.69536566734314
10.7905740737915
7.90654325485229
0.164524585008621
0.060134407132864
3.29537487030029
0.0741605162620544
0.0658057108521461
0.909228146076202
0.882407963275909
0.0806658715009689
3.52753257751465
1.0074554681778
8.78488540649414
1.45580530166626
0.0122949481010437
8.25398063659668
0.788377165794373
2.96178317070007
5.59763765335083
4.97447824478149
4.87071228027344
0.0138181280344725
0.220243394374847
6.56262588500977
8.2249116897583
3.55247235298157
0.0187742654234171
0.646957218647003
3.40849351882935
0.0895819962024689
3.77319431304932
4.77359008789063
11.1173496246338
0.0231488924473524
5.49447154998779
0.0178166013211012
7.61778020858765
11.0999574661255
8.32138442993164
20.4182643890381
0.146787151694298
6.37537431716919
0.143148392438889
0.430771946907043
4.67506408691406
1.67568826675415
1.15852129459381
13.2290191650391
2.06807518005371
0.806421399116516
7.39943981170654
1.70114123821259
0.602101624011993
1.1083710193634
2.4573700428009
7.85971212387085
0.881985545158386
0.410431504249573
2.16800498962402
4.09239149093628
3.64389204978943
9.84195041656494
5.9676833152771
0.0188891310244799
0.434092164039612
0.0551007091999054
0.0384721197187901
1.72012412548065
10.0205755233765
2.78327512741089
1.3658139705658
3.02559185028076
0.00593608012422919
1.61582517623901
4.60905838012695
0.147087380290031
2.60572195053101
1.09165930747986
1.3096741437912
1.04667258262634
0.031048059463501
0.654079675674438
9.56615734100342
6.88565635681152
10.9348239898682
9.03713417053223
6.16774034500122
0.133180439472198
8.50198841094971
1.00689554214478
3.21122312545776
4.3809380531311
0.00663841515779495
7.66930103302002
2.33923029899597
0.152631655335426
0.414419114589691
11.0227880477905
11.9117746353149
0.113041654229164
0.646653413772583
0.0668209940195084
0.407056272029877
0.0631857439875603
4.63174867630005
0.00616281945258379
8.3990650177002
0.0180639885365963
2.87666392326355
0.0644410103559494
1.34900844097137
0.122213430702686
12.8988103866577
5.30196046829224
0.0325826220214367
7.4706506729126
0.42331063747406
0.0190012399107218
0.00402859691530466
3.23074674606323
0.797578096389771
2.52542352676392
1.63809978961945
4.16275453567505
0.0316404886543751
0.0306043270975351
11.5959844589233
5.26132297515869
9.41427326202393
3.01597046852112
0.0799877345561981
1.83757019042969
2.14550018310547
0.276624798774719
0.0203862320631742
2.0606632232666
3.37051916122437
0.65710324048996
9.59111309051514
6.33844614028931
0.625711143016815
0.031708475202322
8.73503875732422
1.20608639717102
4.36231756210327
5.24877977371216
2.99567675590515
6.99858999252319
11.0707759857178
0.00767717836424708
0.0240632593631744
13.0255889892578
0.130624309182167
6.77341985702515
2.29301238059998
14.19273853302
0.0156199904158711
1.10389971733093
5.12646675109863
0.0408459082245827
2.83936285972595
0.128555238246918
2.62594389915466
4.11072874069214
9.79235076904297
5.72370195388794
1.58986306190491
4.94692468643188
0.555179595947266
0.886152267456055
0.00291682663373649
2.49299573898315
0.989261865615845
0.411757737398148
0.0106803979724646
0.0638703554868698
0.0291996151208878
7.63215065002441
0.071081317961216
7.86130714416504
1.59603250026703
0.0265785697847605
5.85528802871704
0.0148509899154305
0.0551384463906288
1.33804976940155
7.67924165725708
4.91879034042358
0.0175287276506424
1.79562652111053
12.0299816131592
5.80389308929443
0.441512912511826
12.2868804931641
5.01847267150879
0.0353050567209721
0.0153863523155451
0.0190768372267485
1.37757933139801
6.74852848052979
6.86536741256714
8.16732215881348
0.203131601214409
0.237496569752693
3.24624228477478
5.40600633621216
0.0141214719042182
0.0594041533768177
0.417251288890839
2.81203675270081
0.0239327605813742
1.50971269607544
5.63236856460571
1.89603543281555
0.0500900000333786
1.50669181346893
1.25966954231262
1.36129760742188
0.512854099273682
0.0341336391866207
1.38316488265991
1.82607197761536
3.96098828315735
11.1386547088623
0.810825884342194
0.0464472025632858
1.15919840335846
4.99726343154907
0.995593726634979
2.50358200073242
5.44066143035889
1.41449797153473
11.2618246078491
0.0480820797383785
2.23703908920288
0.00604772521182895
0.0723395869135857
5.6006007194519
0.0463485866785049
3.12802815437317
3.40840101242065
3.82455134391785
1.38155663013458
0.0105008548125625
2.34491634368896
0.198647171258926
5.68496751785278
1.32068991661072
6.90333986282349
4.53197813034058
0.0099043995141983
0.655303716659546
4.93285226821899
12.4870405197144
0.123689502477646
1.07772588729858
0.0336624421179295
0.0653865337371826
18.8739223480225
11.3500776290894
0.320254266262054
6.1167426109314
0.00325672328472137
0.0189250037074089
1.13116908073425
5.1736888885498
14.1965227127075
7.80507946014404
2.22381663322449
12.4458074569702
3.36269569396973
3.42828726768494
0.0156508404761553
0.00561359338462353
0.924834787845612
1.78019142150879
9.7800121307373
5.55373573303223
0.711118638515472
5.58040809631348
7.51520395278931
1.42959332466125
