71.546630859375
5.9919958114624
6.74840879440308
9.53833484649658
5.28611612319946
121.04825592041
6.61621189117432
6.88920116424561
5.03206777572632
7.94072532653809
7.08000373840332
18.5417938232422
6.68805503845215
129.630355834961
18.9961757659912
68.7821960449219
6.82765293121338
6.23189496994019
10.2432279586792
39.1223754882813
9.76733112335205
4.629469871521
7.87194490432739
9.56818771362305
6.5729284286499
6.81738090515137
20.3296813964844
14.5684309005737
58.5622863769531
3.06634974479675
57.7010841369629
4.68716669082642
6.03745937347412
29.8053512573242
5.81610774993896
30.5200099945068
78.9929885864258
8.58966541290283
80.5695190429688
6.9107837677002
9.60491466522217
41.4556999206543
8.9357385635376
7.10427618026733
24.3789482116699
155.844604492188
8.9492244720459
6.39137363433838
12.7086048126221
5.32016324996948
7.49106550216675
27.3606033325195
11.1252498626709
6.43965768814087
5.93021965026855
81.8404541015625
59.2336730957031
24.1135120391846
8.6501579284668
6.4138011932373
6.80495119094849
110.249961853027
16.0819129943848
54.7164268493652
6.45837640762329
104.253349304199
49.7168769836426
6.6286997795105
6.34565591812134
9.54203414916992
6.76440811157227
37.3429832458496
6.86113214492798
6.93665599822998
7.7439022064209
25.2044296264648
7.6726508140564
5.42398929595947
7.09184503555298
76.6132431030273
36.4474029541016
45.3292007446289
8.1476993560791
7.48201704025269
7.86488008499146
6.66747236251831
8.10558891296387
9.98131084442139
72.8887252807617
8.2331371307373
8.47021484375
22.4651947021484
81.3732070922852
59.0184669494629
77.7950820922852
7.97463750839233
3.80580163002014
77.1476898193359
18.0350971221924
11.7250356674194
7.41110563278198
7.32828330993652
5.00275278091431
11.0125579833984
9.72708988189697
14.1341285705566
84.3054046630859
5.34861469268799
33.7156028747559
14.0976114273071
6.14806222915649
7.11732816696167
5.15377855300903
9.70092678070068
14.4337615966797
7.82087469100952
28.8677444458008
67.5932846069336
14.6420869827271
9.79333209991455
27.4761066436768
33.1744728088379
7.97602605819702
4.75502586364746
7.57005405426025
74.6478500366211
8.99551963806152
10.8879804611206
7.15605449676514
6.98273181915283
12.9075183868408
21.3910865783691
18.3748893737793
5.10111522674561
6.32774353027344
6.70316028594971
33.2548141479492
33.070613861084
96.2954177856445
7.18121337890625
8.20970153808594
6.17981100082397
9.6290979385376
80.1084899902344
26.2360363006592
10.0185794830322
12.1980495452881
28.7318687438965
10.1688508987427
8.17015552520752
42.281063079834
58.389720916748
5.93079042434692
11.6650390625
10.0176820755005
5.10948276519775
7.83218097686768
4.36274909973145
7.73033380508423
9.44427299499512
43.7270240783691
8.70802593231201
42.6397361755371
64.7872161865234
58.6506309509277
6.6451563835144
6.73189544677734
22.9553737640381
114.779624938965
14.9541969299316
29.5271778106689
6.90601921081543
9.00017547607422
10.9321393966675
10.5033397674561
8.94147777557373
5.86374664306641
9.27575206756592
5.75634431838989
74.0475692749023
68.6759719848633
29.3555583953857
8.07807922363281
14.9309158325195
10.2476444244385
6.85169792175293
19.7815914154053
6.69826173782349
6.48851108551025
5.25882339477539
36.0767250061035
10.8386211395264
18.1805248260498
122.325454711914
6.27882814407349
7.65237760543823
7.11509704589844
58.2974319458008
14.1676015853882
13.5451526641846
74.6734619140625
5.46969985961914
57.8751831054688
12.526593208313
57.4853820800781
7.65296840667725
5.91976165771484
26.6969871520996
10.5898561477661
7.39005517959595
13.1784505844116
13.0934820175171
6.07043981552124
34.6414527893066
18.0350971221924
84.4212646484375
35.5273933410645
7.35881376266479
6.77970600128174
160.038208007813
23.0265369415283
78.1982040405273
8.65039825439453
11.8741807937622
6.65416145324707
5.55683898925781
4.74953603744507
177.932540893555
9.19705963134766
35.6439094543457
6.02557945251465
6.77690601348877
8.5405216217041
82.560920715332
38.915340423584
7.73418235778809
58.5351142883301
13.1463184356689
68.7821960449219
6.57260704040527
8.08881568908691
4.72493886947632
173.786926269531
10.025426864624
28.5178756713867
8.61910533905029
95.1619644165039
29.6649589538574
85.0101623535156
3.75507974624634
36.1209754943848
9.2353343963623
8.12225437164307
25.4208755493164
7.01964998245239
13.6653070449829
43.3555679321289
79.6211013793945
4.99954891204834
57.1418571472168
14.182544708252
6.35490560531616
5.86796569824219
26.6534614562988
7.16957378387451
6.81706714630127
7.11326217651367
32.6971092224121
8.36602878570557
10.4064474105835
5.81268119812012
7.02113056182861
8.52413177490234
4.87938213348389
6.95135259628296
6.21388864517212
6.08622789382935
13.5286531448364
6.68436622619629
36.2744064331055
10.2305774688721
7.99422454833984
7.15771913528442
9.04868602752686
6.17078924179077
4.93608093261719
6.75877809524536
52.7013931274414
22.5403289794922
8.16805076599121
6.78837823867798
82.1738357543945
85.2248840332031
74.8219909667969
4.78785085678101
79.5384216308594
9.93150997161865
5.47125101089478
9.60574436187744
80.1360549926758
6.70316028594971
14.1459112167358
6.04086875915527
7.37331247329712
155.924224853516
5.68541955947876
72.417121887207
5.22019338607788
14.8438873291016
8.59115219116211
80.0119400024414
19.0979423522949
8.97091007232666
9.82227325439453
26.6927852630615
9.43405818939209
8.91413497924805
8.74911212921143
7.3710150718689
8.03949546813965
8.05627822875977
39.5992393493652
44.8347549438477
26.9946975708008
55.1316452026367
9.71383476257324
27.6758117675781
26.8626518249512
4.54351854324341
42.823112487793
12.8248901367188
35.1662139892578
14.1747941970825
18.0350971221924
37.4842910766602
9.9447774887085
8.91316795349121
56.0751762390137
86.8709869384766
69.5780868530273
108.527618408203
67.7323760986328
26.2306976318359
7.36481809616089
6.69579315185547
13.0247097015381
8.61269950866699
49.7796020507813
66.59716796875
54.1341018676758
25.5700702667236
6.12212896347046
7.85740804672241
31.8325328826904
8.09248065948486
8.0041618347168
7.30772876739502
13.240234375
18.3414783477783
74.4449310302734
23.5569229125977
45.1087989807129
29.9266662597656
32.4750556945801
11.0278301239014
6.0230884552002
13.9170932769775
9.04053974151611
5.68724870681763
35.6863288879395
73.8804397583008
6.41828346252441
8.20773792266846
170.641952514648
59.4155921936035
23.3716526031494
6.37430238723755
6.83844995498657
7.81082105636597
9.79352760314941
34.9196586608887
40.5451240539551
6.49872207641602
13.6428136825562
8.39480495452881
38.6524238586426
59.486644744873
7.25242948532104
81.2553024291992
6.16278505325317
45.4887275695801
8.18101787567139
6.7070689201355
6.98433494567871
5.92107439041138
10.457200050354
9.52276992797852
6.08820867538452
82.2748489379883
5.19156455993652
32.6743278503418
32.0007209777832
9.66530227661133
9.69572925567627
8.11806774139404
109.847663879395
44.3824005126953
35.4594955444336
7.95545101165771
12.2050590515137
9.2204122543335
9.8162841796875
7.35459184646606
8.42533302307129
74.4980621337891
5.44613409042358
6.68363237380981
32.9045524597168
6.91915559768677
9.27021217346191
5.7692756652832
7.78203821182251
206.599319458008
7.3670539855957
13.515362739563
11.4198322296143
67.3069763183594
6.63439607620239
12.6385097503662
59.4003143310547
9.31045436859131
7.81951379776001
9.37317943572998
8.12746906280518
7.88893127441406
28.9144477844238
6.25925159454346
92.7977447509766
5.93416213989258
23.107234954834
12.8457021713257
25.3644199371338
8.91688632965088
54.8581123352051
65.5309143066406
42.9227142333984
7.35043907165527
9.63913822174072
54.7583923339844
10.4299364089966
13.0563926696777
59.2299919128418
8.22383880615234
11.311990737915
27.1179180145264
86.3594741821289
7.85925769805908
7.85229873657227
6.37086248397827
9.94103908538818
6.73708915710449
8.5331916809082
54.1382522583008
43.5284271240234
9.77297687530518
9.45142364501953
12.8193588256836
14.1227569580078
14.4661464691162
10.6123123168945
7.89093923568726
8.97340297698975
