7.29679870605469
13.1366519927979
7.12086296081543
98.9233627319336
7.1231255531311
5.55172252655029
4.23313045501709
4.45021820068359
22.0387363433838
8.48523998260498
9.12826919555664
1.83364474773407
11.0117273330688
6.254234790802
8.16329002380371
5.6370096206665
3.08574891090393
3.56971096992493
5.58617925643921
31.1517581939697
5.08472490310669
137.956604003906
5.26652669906616
45.667293548584
22.6000289916992
9.51624202728271
10.9678058624268
4.64206790924072
23.9178562164307
3.85058212280273
10.1664381027222
12.9235143661499
4.40051555633545
6.46679306030273
14.8014888763428
7.97326946258545
8.11262512207031
5.81378555297852
4.75780344009399
6.97172880172729
15.9761209487915
13.8927869796753
5.18262338638306
7.7985405921936
1.67301774024963
9.29505634307861
6.68316268920898
2.64795541763306
3.1354296207428
138.599304199219
10.5743570327759
13.4594278335571
22.5844841003418
11.2081251144409
61.9836540222168
24.3555221557617
8.1199197769165
10.9486684799194
1.96768879890442
5.92642593383789
13.0502185821533
23.0349884033203
45.0160675048828
3.43798851966858
5.7811074256897
146.313385009766
8.77485466003418
3.30191993713379
22.2280120849609
1.28131437301636
76.3434524536133
0.766629219055176
35.7091941833496
5.32670164108276
18.0343742370605
8.18223476409912
5.2287483215332
52.5799446105957
5.61175775527954
6.56802845001221
4.30804967880249
6.5838475227356
5.65076494216919
7.10005617141724
6.6548924446106
48.1999931335449
22.9893989562988
6.32252979278564
4.31823682785034
15.2550954818726
5.95528268814087
7.02726459503174
6.32611322402954
4.20480155944824
7.03767538070679
8.65790367126465
2.77657294273376
14.3058738708496
7.27915191650391
13.0399036407471
8.25577163696289
6.05979681015015
13.912859916687
15.7390584945679
5.04413318634033
92.9221420288086
5.68264055252075
8.28104305267334
5.56916093826294
27.3474464416504
8.20145988464355
7.5991473197937
15.4450035095215
60.5420570373535
13.0268650054932
51.3735580444336
6.92377853393555
5.86219644546509
10.9579877853394
12.8141059875488
9.35586261749268
13.2247285842896
7.74202108383179
7.23761510848999
5.4937481880188
4.49740505218506
13.6247110366821
25.5438404083252
12.328330039978
17.2734375
7.72449779510498
3.05172848701477
14.6223449707031
3.43751192092896
13.3956623077393
14.6129808425903
7.27874231338501
8.95086479187012
14.6275749206543
14.2444009780884
5.09125423431396
9.8419885635376
5.63783407211304
13.3182239532471
5.41439628601074
10.9787158966064
9.11395931243896
5.95244598388672
7.83860158920288
2.21111536026001
12.4601726531982
4.31607151031494
15.290509223938
7.0023512840271
5.13040447235107
19.3913345336914
15.3001222610474
5.34839105606079
20.7206802368164
21.8782405853271
1.60548901557922
13.587025642395
8.37564277648926
12.8133811950684
10.6460151672363
4.16093587875366
8.98805904388428
40.1872138977051
7.88545799255371
8.26504611968994
4.74572896957397
10.2966585159302
12.0479545593262
9.77927589416504
6.30233097076416
7.38463497161865
8.57423400878906
1.0903263092041
4.18997716903687
5.44471597671509
3.2944118976593
8.80361843109131
9.65222835540771
1.63027930259705
7.75849771499634
4.17036724090576
11.6784658432007
4.28339719772339
4.84942722320557
5.0529146194458
8.45612716674805
12.5077896118164
5.02499055862427
7.36362791061401
6.4862756729126
40.2420463562012
9.34261322021484
11.9050407409668
8.96328163146973
16.6140384674072
8.27384376525879
7.44058465957642
7.67073583602905
7.02103805541992
5.17314672470093
5.72462272644043
9.97277450561523
17.9646339416504
8.4111156463623
5.15140819549561
5.27773380279541
7.19833421707153
8.45071125030518
9.05277824401855
2.1198251247406
5.01164150238037
8.32493209838867
6.83536100387573
7.4021692276001
7.90666484832764
3.22450828552246
11.727840423584
9.10237407684326
24.5008239746094
4.41066026687622
6.57190132141113
8.99539947509766
13.6627016067505
9.24485683441162
7.14936876296997
4.36027193069458
8.79275226593018
8.88037490844727
4.46498489379883
6.26738548278809
4.92123556137085
4.19291257858276
3.85996747016907
3.54723477363586
10.3596830368042
22.4667167663574
8.48337841033936
6.22056436538696
5.19647121429443
6.64906072616577
7.15420246124268
11.7582063674927
5.64012622833252
9.80176830291748
7.31591653823853
7.61533546447754
4.72296094894409
6.52353429794312
13.0843420028687
14.1009292602539
1.2015016078949
15.3760786056519
7.29460000991821
5.33207559585571
5.45150089263916
7.05470037460327
3.67780017852783
5.9014835357666
8.36223411560059
9.46629333496094
5.25884103775024
9.77794742584229
16.6441631317139
1.68561351299286
42.077995300293
12.9559698104858
1.7715744972229
9.57054138183594
7.00664186477661
5.8701639175415
7.94603729248047
3.21294569969177
8.08094120025635
14.3539657592773
30.5046577453613
16.470272064209
8.8894214630127
8.7105598449707
2.05107116699219
22.8547096252441
8.21250057220459
18.99977684021
6.70867109298706
14.6621561050415
3.36956787109375
11.979736328125
15.2846212387085
5.63645029067993
9.11711883544922
6.62591981887817
5.69083499908447
2.21031761169434
10.3337488174438
5.38474416732788
15.8011245727539
7.11438751220703
4.37320899963379
5.46915435791016
10.8126525878906
4.10977029800415
6.90469217300415
11.806414604187
15.1857271194458
4.83196592330933
4.59614753723145
18.9476928710938
9.09692192077637
5.20811176300049
8.74915504455566
11.4680070877075
22.3193874359131
24.6339664459229
6.94130277633667
14.6668214797974
9.73007583618164
3.56412029266357
27.1606788635254
3.07305955886841
6.01749467849731
6.92423582077026
18.4354019165039
5.00595140457153
8.19655323028564
5.5111255645752
27.9366607666016
6.30617427825928
7.05569553375244
5.3042140007019
8.7078800201416
5.32110166549683
10.2735204696655
6.83703279495239
7.89826345443726
5.53298854827881
12.7363729476929
11.1225252151489
6.7188663482666
16.0424213409424
5.20349025726318
9.80153656005859
5.50250625610352
5.22936296463013
4.45956611633301
10.3318424224854
5.09483337402344
9.63407039642334
16.2358150482178
16.6926383972168
2.42760372161865
9.20459651947021
13.5274219512939
46.5927619934082
5.70998764038086
9.16381645202637
5.04227447509766
8.0247631072998
6.8501615524292
6.03595304489136
7.95575141906738
10.7218856811523
8.34050369262695
3.7350025177002
21.2061939239502
7.0382661819458
5.49612760543823
47.7226753234863
3.99938464164734
27.4925765991211
13.2638025283813
7.34546327590942
16.0744171142578
5.95309209823608
1.95440948009491
18.2703552246094
9.87251949310303
12.6356430053711
22.9021701812744
5.59205770492554
52.8684196472168
36.4507865905762
6.7834300994873
9.25006771087646
15.5610542297363
4.60716390609741
6.69803714752197
7.13783931732178
4.40797185897827
3.39858627319336
10.6222667694092
10.0167169570923
14.8194952011108
5.74518346786499
5.6627721786499
54.1274642944336
53.9547233581543
4.57164430618286
6.00054788589478
9.68524646759033
16.6318664550781
5.18950843811035
7.6764554977417
12.113959312439
7.80926847457886
7.63284111022949
6.98497915267944
8.61714363098145
8.68909740447998
12.3370189666748
6.47841930389404
7.87400579452515
7.38149976730347
6.24236631393433
11.6310014724731
9.55568885803223
3.74700021743774
4.28544759750366
7.52699899673462
6.35678482055664
20.8318748474121
7.13720464706421
8.40253257751465
10.9283294677734
1.16192090511322
88.506706237793
4.63977479934692
3.91683721542358
1.39827263355255
12.4398803710938
13.8408126831055
11.7380275726318
8.28886890411377
5.85800218582153
4.78445482254028
10.2416477203369
3.14383459091187
6.25051498413086
9.73237991333008
54.5797119140625
9.00433921813965
3.52785658836365
6.1183385848999
12.2685461044312
4.69043493270874
12.9252767562866
5.94488143920898
5.13479852676392
4.83299684524536
6.30013179779053
6.17969179153442
8.23130035400391
8.37159824371338
10.780234336853
43.1522598266602
1.66797435283661
6.20686149597168
4.04191970825195
33.493480682373
8.58563804626465
16.2268962860107
10.7883319854736
48.2439002990723
13.3507242202759
3.48621869087219
17.6026821136475
4.0825343132019
1.25428020954132
11.380241394043
14.8167276382446
5.05118989944458
15.0259828567505
15.7133369445801
2.69447994232178
5.64495754241943
6.88443994522095
12.5260610580444
6.93922185897827
12.1673679351807
6.77811527252197
6.08528566360474
1.31461179256439
12.6720476150513
24.257740020752
73.5331497192383
3.63766884803772
38.4042778015137
10.7113447189331
16.3348731994629
63.2887992858887
1.15993440151215
5.65506982803345
17.7202854156494
9.64194488525391
4.37188291549683
4.37876510620117
13.5959882736206
8.42565155029297
3.51838254928589
6.16481733322144
8.31105136871338
22.6840877532959
5.54055166244507
4.1074047088623
22.1321334838867
17.6009712219238
2.88798546791077
8.37400054931641
6.22986745834351
3.59787082672119
7.16946935653687
5.05276298522949
4.42376804351807
4.91140985488892
4.49383640289307
27.5160179138184
7.84875297546387
6.44928455352783
17.4421100616455
24.9527072906494
7.9140625
15.1027498245239
29.7684173583984
4.26071166992188
5.17199945449829
4.07360649108887
10.837628364563
4.78496408462524
4.1997504234314
5.28629875183105
16.1352691650391
13.1525106430054
2.02101230621338
60.3153266906738
11.2896451950073
7.20611095428467
41.4744720458984
12.003438949585
10.7492790222168
11.6107559204102
16.7393932342529
17.2684001922607
6.29149532318115
5.11074686050415
18.5305576324463
19.8381595611572
14.968994140625
2.19237375259399
6.9769229888916
9.35022640228271
31.0276489257813
10.4693412780762
26.5477619171143
8.98610210418701
17.3319911956787
1.16455936431885
17.320032119751
13.8785619735718
5.54105806350708
16.5641860961914
11.7456331253052
3.47431802749634
17.1082153320313
10.5715217590332
9.5146484375
6.73881769180298
6.18003511428833
8.92477893829346
3.32565569877625
5.94220590591431
93.9816131591797
6.2755880355835
16.3105297088623
4.62393617630005
20.0729637145996
5.16955232620239
2.05635142326355
15.4517316818237
8.59331226348877
5.71908712387085
11.9916181564331
7.92487478256226
5.02902460098267
25.0045204162598
10.6092252731323
123.564613342285
3.15606164932251
3.83605718612671
6.34720611572266
7.50866985321045
25.0246334075928
5.54966306686401
9.27726650238037
17.934383392334
7.19180107116699
6.77115917205811
16.731237411499
9.73785209655762
11.270302772522
22.9573593139648
10.4794588088989
9.07151126861572
10.6534204483032
10.1082887649536
11.9275770187378
5.08457374572754
7.39220190048218
11.090313911438
13.1961479187012
8.82175636291504
9.02378845214844
68.9982833862305
7.56779146194458
16.6976680755615
5.92753648757935
3.51719617843628
7.42264842987061
6.98340320587158
9.17218589782715
51.9469680786133
8.24959564208984
2.83182907104492
5.31494951248169
8.2747974395752
5.75572204589844
45.0148811340332
8.03330326080322
15.5336351394653
9.72307205200195
20.3130588531494
39.7197265625
6.31830453872681
6.46802091598511
14.9144716262817
52.6238059997559
13.7149000167847
9.55342578887939
7.96687936782837
25.7660179138184
2.8957257270813
5.37592220306396
11.7303085327148
9.58622932434082
28.1254043579102
2.97748875617981
4.39696931838989
2.35355639457703
1.6233549118042
20.1060962677002
5.98029947280884
22.5006809234619
3.70811820030212
3.38152194023132
10.6419038772583
10.2587699890137
8.49123668670654
24.4686527252197
8.08295726776123
5.29403972625732
6.13284206390381
19.1807861328125
5.54648399353027
10.3583307266235
10.9711141586304
6.40466499328613
8.92204284667969
30.0723457336426
9.30617809295654
3.7022864818573
1.22736740112305
6.31059646606445
7.10147571563721
8.00395107269287
11.5706939697266
5.53003120422363
4.47490549087524
7.3195481300354
2.40181565284729
11.9021368026733
6.42664051055908
13.566198348999
3.92568302154541
6.7103419303894
6.71957540512085
3.0539755821228
20.1599826812744
10.5848789215088
3.62147092819214
5.49287891387939
10.3920640945435
4.48485898971558
12.3716449737549
4.65243101119995
7.40767908096313
2.28499341011047
6.02227306365967
14.8397359848022
7.30227756500244
7.30419397354126
6.24900341033936
14.3217248916626
9.43514728546143
8.14814376831055
4.99263143539429
11.664249420166
3.65212821960449
10.3116121292114
7.03120517730713
5.72919273376465
6.32983016967773
7.78841161727905
5.66759538650513
2.60450053215027
19.030782699585
6.60164737701416
2.18848037719727
3.0473108291626
11.577036857605
8.86329555511475
10.2010660171509
5.48232364654541
13.6682224273682
11.8459587097168
8.34656429290771
3.43268728256226
9.86247158050537
6.93654489517212
5.54807186126709
5.74466609954834
6.30784511566162
9.80554485321045
10.3834381103516
12.6934232711792
8.11807632446289
5.52373361587524
109.629356384277
9.3558931350708
11.1094551086426
4.15601015090942
8.54316234588623
7.90887928009033
9.64949512481689
6.50216436386108
7.41884660720825
4.32103490829468
14.5688819885254
3.26964473724365
7.06420135498047
6.26918125152588
8.9551477432251
5.73198986053467
11.2128648757935
16.8511524200439
18.7288417816162
4.92297983169556
5.43073177337646
22.3611736297607
20.8752250671387
5.79832601547241
6.67109298706055
12.5584583282471
5.82221651077271
23.0535202026367
14.6580419540405
6.31574106216431
16.2366008758545
3.68755459785461
67.1291656494141
14.7540483474731
10.7302322387695
3.43365430831909
7.21948623657227
7.14732551574707
5.14261436462402
6.15876197814941
5.11667585372925
53.3090400695801
8.00689888000488
7.49488973617554
11.3688373565674
58.4412879943848
13.3047475814819
20.2387084960938
33.9601898193359
12.3636503219604
5.18356084823608
5.62504863739014
4.98437833786011
4.54516935348511
5.63968896865845
5.31841468811035
10.2606620788574
5.84482622146606
5.97720718383789
6.87386083602905
9.74410820007324
7.76416254043579
4.41794872283936
64.8125762939453
4.11124277114868
7.74676275253296
14.4744653701782
7.08994817733765
6.89557409286499
5.50341987609863
5.86796236038208
15.5531520843506
10.3232431411743
25.7851696014404
3.64614272117615
4.47969579696655
6.12060165405273
8.1675329208374
31.4781856536865
4.27242565155029
9.84684944152832
8.24771499633789
5.84651279449463
32.8936538696289
4.24965238571167
6.13268804550171
19.3948440551758
7.52418088912964
32.241756439209
4.27310943603516
17.746711730957
7.30527830123901
19.2329540252686
11.9717664718628
8.39286422729492
23.131986618042
8.12192630767822
11.8944597244263
17.256175994873
3.21506476402283
24.0547409057617
10.6305274963379
5.70356798171997
96.112434387207
6.77044343948364
2.70872402191162
3.18106698989868
7.76036834716797
6.49097299575806
9.67859554290771
7.07222318649292
6.18657398223877
8.61222076416016
1.1252030134201
12.4618444442749
17.394063949585
5.57163429260254
4.91582202911377
9.66899013519287
2.35210847854614
5.78934764862061
7.02358436584473
10.3118705749512
10.5931463241577
7.31612539291382
6.30677509307861
4.20767736434937
14.2573728561401
10.5583095550537
13.6185789108276
6.0018424987793
9.49506282806396
3.15899109840393
9.70695400238037
1.39819717407227
7.99521684646606
10.3705463409424
8.40529918670654
64.8945999145508
6.31478309631348
6.9068341255188
3.16254138946533
6.07137823104858
6.1001992225647
16.1641330718994
1.70967364311218
17.5528869628906
7.93331909179688
6.67866230010986
5.77856016159058
3.29594945907593
15.2895250320435
4.70728540420532
14.0790014266968
20.1949672698975
4.56223821640015
13.7659206390381
10.5454034805298
26.6357917785645
8.83057975769043
8.54465770721436
116.885673522949
6.17280149459839
4.72367286682129
6.36088800430298
7.82167673110962
7.19397354125977
12.8245477676392
4.25124645233154
1.59038937091827
6.83256006240845
2.43850111961365
2.7548725605011
9.21942043304443
2.15398955345154
8.32975769042969
17.6993007659912
8.42083549499512
2.94830107688904
8.01408004760742
1.76164817810059
6.84873342514038
13.5735912322998
1.58904337882996
2.26068615913391
23.2526378631592
6.37621021270752
6.09586429595947
25.651481628418
44.3345603942871
4.43410015106201
25.1731224060059
9.09995651245117
9.8525218963623
9.19401931762695
4.07688856124878
9.09110069274902
54.3083114624023
52.7171249389648
7.59474229812622
6.49799060821533
73.3798141479492
9.52420520782471
10.9130296707153
9.87474346160889
13.8535861968994
4.13285303115845
7.67484045028687
5.64947175979614
22.2341632843018
3.25060415267944
8.90196418762207
5.10592651367188
7.46295690536499
10.7747936248779
11.7090272903442
81.6782989501953
6.2441086769104
6.85233306884766
5.27332639694214
12.7204160690308
10.1936111450195
6.5890531539917
9.00341129302979
7.41008281707764
6.28261613845825
7.1946964263916
7.97092580795288
8.8310432434082
9.07465648651123
3.22497534751892
28.2712268829346
3.85053896903992
5.40093088150024
8.41405200958252
5.81319999694824
8.34582042694092
12.4356336593628
2.53090977668762
6.2757773399353
23.9774055480957
6.65088987350464
6.80523872375488
3.43394494056702
8.71974086761475
19.5973358154297
14.6594944000244
8.12854480743408
7.87308835983276
8.29706764221191
7.37382221221924
12.3969736099243
5.22349834442139
63.0927543640137
4.97158098220825
8.06846237182617
9.12993144989014
7.58917713165283
1.42741644382477
2.16184258460999
3.81201791763306
14.1628713607788
