3.50211215019226
2.21871709823608
8.29811191558838
9.13458728790283
3.98980641365051
4.97062349319458
38.8511734008789
11.1695604324341
4.00219869613647
4.39095449447632
7.25443983078003
2.70051860809326
3.86935567855835
0.986582040786743
1.47867369651794
5.91456937789917
4.45143508911133
6.41363048553467
5.99638843536377
2.55793333053589
6.59898948669434
7.08372688293457
2.96004009246826
2.22310161590576
6.43315839767456
3.14447641372681
2.06727170944214
4.90079927444458
1.51557087898254
3.05222153663635
12.7004861831665
10.1889114379883
2.54231882095337
15.0799264907837
10.5817489624023
6.61430025100708
5.65744209289551
1.00154733657837
4.92972946166992
2.82806897163391
4.261559009552
5.64242935180664
3.90396213531494
2.62649416923523
3.19860649108887
3.02665519714355
1.71336114406586
3.11858797073364
2.60576725006104
12.2917909622192
1.9074125289917
9.59687805175781
12.1171865463257
26.9670295715332
3.70288920402527
2.90062355995178
6.3804759979248
2.73189663887024
1.84138131141663
2.91387748718262
1.34493291378021
4.18962001800537
9.84926414489746
4.11304330825806
5.75556993484497
4.87191247940063
6.38295984268188
8.37886810302734
7.34453105926514
10.36217212677
1.69883048534393
2.56061959266663
4.4665994644165
8.81262493133545
3.83167314529419
6.1014142036438
5.85390281677246
2.80224967002869
2.53151082992554
9.26529216766357
6.72528886795044
1.65251100063324
3.3496208190918
4.47564125061035
23.3138103485107
1.87541794776917
6.8206524848938
3.35455369949341
1.79841136932373
7.97281980514526
2.63592386245728
2.36145377159119
3.46881103515625
1.78113389015198
14.8121366500854
6.54862928390503
0.985856831073761
6.6517162322998
9.06790637969971
7.22932147979736
3.44938659667969
1.88662648200989
19.542667388916
2.90122056007385
13.9019527435303
10.5970392227173
4.29843807220459
10.2030611038208
2.80240392684937
3.90975546836853
1.6854156255722
3.13958787918091
1.86164951324463
5.0773024559021
1.21375381946564
4.31882667541504
9.38177394866943
1.97865545749664
12.7199277877808
9.80712509155273
9.23908424377441
7.00188398361206
3.17251658439636
2.66317462921143
14.833044052124
5.42289590835571
13.1621980667114
4.95474815368652
4.34791326522827
4.7865571975708
2.45191121101379
0.636770248413086
5.0026798248291
1.80047118663788
1.52648997306824
1.04114520549774
4.30894660949707
5.70174264907837
3.76412415504456
4.23220300674438
3.71744656562805
8.29553508758545
2.87736749649048
7.44515562057495
8.05447196960449
4.97010231018066
6.35445213317871
6.8914155960083
4.30816125869751
5.73937940597534
1.93268954753876
16.9275608062744
9.18636322021484
6.88150501251221
5.38459253311157
1.27200698852539
5.09814071655273
6.17907857894897
7.1070818901062
1.4750794172287
8.2454833984375
18.2392253875732
5.38308000564575
7.82197666168213
3.00548529624939
7.25126457214355
2.30694580078125
2.01495003700256
11.1973838806152
5.08709049224854
4.69409561157227
23.7552185058594
25.5712833404541
3.58202981948853
2.66244220733643
16.2173557281494
6.14153480529785
2.74142360687256
0.606981039047241
5.75897073745728
6.89219570159912
9.31613159179688
8.87921619415283
1.35254204273224
2.2986147403717
11.6958017349243
6.56577348709106
7.14066457748413
4.6214427947998
1.99365341663361
3.49579572677612
6.23482370376587
2.52418112754822
7.6829628944397
5.73268222808838
5.64931535720825
5.05326890945435
4.92592239379883
3.2541880607605
8.72541999816895
8.74331283569336
7.14772939682007
6.08827781677246
10.8603029251099
6.40649652481079
1.97675454616547
3.99106979370117
7.07778835296631
4.03082370758057
9.67858791351318
2.83107018470764
2.85052347183228
3.05784106254578
5.26594209671021
8.50585174560547
5.56947803497314
6.7951078414917
7.04351139068604
5.21798896789551
1.61363017559052
1.84302139282227
3.72599172592163
1.24611496925354
11.6011390686035
3.01986765861511
8.48099708557129
7.70625257492065
11.3600082397461
3.65633416175842
6.75968933105469
1.82271611690521
48.1283760070801
5.56122207641602
4.28127145767212
7.21693563461304
2.08248853683472
2.54056572914124
1.21945059299469
5.12492513656616
2.61537432670593
5.38899421691895
5.09049987792969
10.7300357818604
8.19531154632568
4.5056357383728
1.44060444831848
4.39745235443115
5.34327173233032
6.19313192367554
6.1171555519104
11.9120664596558
6.39118003845215
7.07476615905762
5.58957529067993
9.72132873535156
2.69351983070374
13.6613903045654
7.70463705062866
12.9968519210815
26.0898551940918
2.84457302093506
9.41408729553223
7.30517053604126
8.43262672424316
6.04548978805542
7.91016483306885
14.7480182647705
5.78503227233887
1.86443376541138
7.93764543533325
10.0008611679077
2.88641095161438
16.3195133209229
12.5639848709106
6.04787921905518
3.05204010009766
2.97256326675415
6.09061193466187
2.90704417228699
9.54271030426025
2.92207074165344
1.73925828933716
4.04194450378418
1.96212613582611
2.92457795143127
6.59175968170166
9.47546195983887
11.318922996521
11.9140043258667
20.2850570678711
7.76016330718994
2.40427184104919
3.09996962547302
5.75705766677856
4.9125714302063
6.79594230651855
1.67228102684021
6.20993137359619
13.7709579467773
11.7435398101807
4.10134553909302
5.29732513427734
0.757312834262848
7.02557229995728
12.4091386795044
2.3979856967926
2.50411581993103
1.23292601108551
2.60868096351624
4.26565647125244
1.87993061542511
6.34949541091919
8.17390537261963
3.88955688476563
4.95913457870483
3.43002963066101
17.526330947876
9.84659194946289
1.63878846168518
1.95589959621429
1.79521822929382
4.46043586730957
6.02267265319824
13.0768918991089
3.17600679397583
6.12723159790039
1.51624739170074
34.3553657531738
1.38541126251221
9.83099746704102
2.88411331176758
2.42607474327087
11.1067371368408
3.64283561706543
4.65102481842041
1.30912709236145
2.86061906814575
2.8228874206543
7.59209728240967
3.96474313735962
35.5750389099121
8.3026180267334
7.82139825820923
5.14007759094238
2.24925756454468
2.77805876731873
6.53717994689941
9.77517604827881
11.3142871856689
2.15701365470886
7.42298984527588
5.04148244857788
4.53514337539673
5.28879308700562
14.4207201004028
1.20090389251709
10.6684474945068
1.44358706474304
3.68189787864685
5.07180118560791
1.79083585739136
2.68107151985168
4.30802822113037
4.40549230575562
8.56101989746094
8.31824684143066
4.63123846054077
7.18536233901978
8.13737297058105
2.69791460037231
6.58030652999878
3.03650832176208
4.60734224319458
1.93913877010345
2.62902593612671
17.6663589477539
7.50013971328735
1.52670919895172
2.22735381126404
3.27614760398865
3.4445173740387
2.70345902442932
1.17302441596985
8.00896167755127
11.604133605957
6.38073539733887
1.63525998592377
9.37879848480225
5.72855091094971
2.97125840187073
2.41982078552246
1.31104242801666
5.11675024032593
2.20409989356995
28.6553783416748
2.21367478370667
2.59524631500244
5.52515745162964
3.30347514152527
8.05647277832031
1.93675708770752
4.10498571395874
13.0935754776001
13.361123085022
12.2851819992065
8.72330760955811
4.52665424346924
13.3662710189819
6.46307706832886
6.41399478912354
11.3349685668945
4.95357751846313
18.9009494781494
4.91412830352783
4.07928133010864
2.99749779701233
3.88006591796875
6.29255247116089
2.70010185241699
4.64173555374146
6.34478616714478
14.0969400405884
6.40336465835571
7.72606515884399
3.8400285243988
4.06453227996826
10.0100736618042
3.33436608314514
10.2056541442871
4.7732310295105
5.71082353591919
3.56744456291199
1.99840605258942
4.44842481613159
3.54184055328369
7.00517654418945
3.89617085456848
0.95948052406311
8.79096508026123
4.05000019073486
10.5331354141235
17.5049724578857
10.8697175979614
10.3764419555664
8.57667350769043
3.47577047348022
6.00417804718018
3.94388628005981
2.85564231872559
5.90129470825195
3.15030479431152
5.63187503814697
3.82348394393921
9.10884571075439
6.78113603591919
4.41968011856079
25.1140518188477
6.63577938079834
3.32884383201599
5.72094106674194
2.81126689910889
1.29586517810822
2.31899499893188
5.32119178771973
51.2529296875
2.35939335823059
3.24185848236084
4.47364377975464
2.08012461662292
15.9737787246704
2.47934889793396
1.06610774993896
19.3446979522705
9.13536262512207
5.74220514297485
2.70040345191956
5.53468227386475
2.58549165725708
3.52188205718994
8.03457832336426
8.51227569580078
5.09860563278198
0.900128364562988
1.67520940303802
1.74168360233307
31.2508964538574
12.1461019515991
10.9779281616211
1.36195063591003
7.53437566757202
4.69466161727905
7.49435806274414
15.2499923706055
4.38390684127808
2.36798071861267
3.11446166038513
9.45360469818115
9.48746681213379
3.98811531066895
3.58225083351135
6.76178503036499
2.67820358276367
4.07842588424683
3.21906614303589
2.06897234916687
4.34896469116211
10.1863441467285
15.3058404922485
4.07184219360352
2.58206391334534
1.22158706188202
1.89618515968323
9.98754501342773
7.30230951309204
16.975793838501
7.15741062164307
6.82556867599487
1.29249012470245
1.90491116046906
1.43555974960327
1.25750577449799
4.3789496421814
3.40339231491089
7.15187311172485
3.9260094165802
21.4301853179932
3.35163259506226
6.84423208236694
3.01195478439331
8.16830253601074
3.70398688316345
14.580304145813
1.45492076873779
8.9247407913208
5.66229486465454
3.01415395736694
19.6831016540527
2.22644948959351
7.30236434936523
3.12400889396667
2.02652788162231
2.49572563171387
1.65672707557678
2.4478600025177
7.88453102111816
8.98291683197021
12.7762012481689
6.59526538848877
6.28309440612793
21.9592227935791
1.6232613325119
6.11597681045532
4.521644115448
4.16392993927002
4.54605531692505
4.61689710617065
2.77305293083191
3.14610481262207
4.64016914367676
4.13726711273193
5.58393096923828
1.1127849817276
12.2719345092773
4.11957263946533
5.16696834564209
20.7208766937256
15.0043058395386
8.09658908843994
0.9902223944664
3.61300110816956
1.64633047580719
5.55211210250854
6.98450040817261
2.39409494400024
4.52164840698242
2.70485496520996
1.56037569046021
11.0026397705078
2.32117486000061
1.49933218955994
2.37783098220825
2.28148102760315
0.66341757774353
9.91603088378906
2.23619103431702
1.22676408290863
5.58870697021484
5.80154228210449
3.6222357749939
23.5676593780518
4.58859825134277
4.56901502609253
8.12863349914551
5.98848915100098
3.93540787696838
3.50566244125366
5.23476028442383
5.51595973968506
8.8252010345459
11.2699279785156
16.5652256011963
8.09428596496582
6.65437030792236
32.2431488037109
8.48643970489502
15.0757389068604
7.71443271636963
3.53063321113586
4.14060211181641
2.24252533912659
3.14670848846436
22.9494857788086
11.0444221496582
6.05295991897583
9.17066764831543
4.66666650772095
2.74653649330139
10.8346481323242
4.70466279983521
7.42925834655762
2.50503015518188
7.69188737869263
1.20602977275848
5.44167852401733
5.53831052780151
2.62869906425476
27.8955039978027
4.41734838485718
5.00927019119263
6.48092699050903
4.37951421737671
6.13170099258423
3.08528327941895
2.13825368881226
8.81200981140137
9.02118968963623
10.2453317642212
56.0861015319824
5.94082450866699
5.07222127914429
31.0779724121094
6.57816028594971
0.977523386478424
5.97413682937622
6.06569194793701
8.6983528137207
11.4262075424194
10.9512968063354
12.5773057937622
4.14029455184937
3.88001751899719
11.6714963912964
3.58900761604309
12.4889116287231
7.56595706939697
1.96198165416718
15.2796831130981
3.09366631507874
11.1090526580811
7.19345331192017
2.76923108100891
2.9335777759552
4.12900924682617
4.54714393615723
3.26700496673584
8.65793514251709
8.86082172393799
6.670578956604
6.54755735397339
8.2876091003418
2.44817423820496
3.58015298843384
2.19808292388916
9.59771251678467
2.61366415023804
10.8836240768433
1.82470107078552
2.50788235664368
5.07463884353638
3.83570003509521
4.5560359954834
6.61714887619019
3.46613955497742
4.04720067977905
14.2416143417358
1.45561504364014
2.23163890838623
1.26896047592163
4.80300331115723
2.53632068634033
12.7138195037842
2.47376489639282
13.9530954360962
6.13279247283936
5.37165832519531
1.12117600440979
6.46317768096924
2.16545796394348
4.39663934707642
2.19156050682068
2.66817474365234
6.10133981704712
2.03641629219055
3.28496408462524
2.47857236862183
6.60961818695068
2.47183680534363
5.93625640869141
15.1606473922729
18.1340789794922
9.5261697769165
1.23287105560303
4.22464275360107
8.7944164276123
4.36741876602173
9.52202606201172
7.77056550979614
18.0341167449951
8.32032775878906
2.94147109985352
2.67654943466187
5.04294395446777
4.39973068237305
2.48905062675476
7.37337732315063
2.70242118835449
3.93944144248962
4.76777315139771
9.74265193939209
3.17785167694092
5.15901708602905
9.13255310058594
2.26322674751282
39.5928268432617
2.6893265247345
7.95997190475464
1.97256863117218
9.98784446716309
8.52208137512207
6.49495410919189
3.86148285865784
6.23322582244873
27.5250110626221
1.06656408309937
7.81970882415771
0.845602750778198
8.33047771453857
1.90879988670349
2.64486384391785
11.9226570129395
4.18917655944824
1.19597053527832
29.5898838043213
6.61489486694336
6.25437593460083
5.39048099517822
5.78382158279419
3.90949511528015
3.01998233795166
2.59509968757629
4.65433359146118
4.07037496566772
14.4111413955688
10.4561157226563
5.42833948135376
29.8840560913086
9.96906471252441
6.30656433105469
9.48186874389648
3.13040995597839
9.28281021118164
7.43275451660156
1.69427633285522
3.2715163230896
4.66243982315063
9.39330005645752
7.31521224975586
3.18258690834045
1.77396845817566
11.4673023223877
8.46302795410156
12.1784706115723
11.0308952331543
7.04342603683472
3.56505846977234
4.77523469924927
2.96359157562256
1.97383964061737
8.9041690826416
2.83301997184753
11.3190765380859
3.97496557235718
3.08090686798096
4.79733991622925
5.78331565856934
2.92102813720703
11.8574123382568
4.2595853805542
8.76697158813477
5.41605615615845
7.72629261016846
5.0242486000061
1.49551570415497
4.61161279678345
3.11400175094604
2.90009951591492
9.81846141815186
21.6515579223633
17.4462947845459
2.63967037200928
15.2603778839111
8.88647270202637
2.27619552612305
9.22333431243896
10.2261819839478
4.10168647766113
4.64939069747925
1.51219213008881
12.8043556213379
20.5824375152588
4.95969772338867
3.3188796043396
2.1108570098877
8.60552883148193
5.10988140106201
8.52869701385498
5.30245161056519
4.44306135177612
6.5507345199585
1.69575262069702
8.34933757781982
3.63416457176208
11.9184083938599
5.02696943283081
6.37318086624146
12.2289123535156
2.30286812782288
5.09475755691528
13.6067914962769
15.2718553543091
7.60787677764893
6.8614673614502
16.7370986938477
6.36805105209351
7.12485218048096
8.69401454925537
3.01701021194458
10.2917213439941
7.61154794692993
3.51373481750488
12.8109140396118
0.996839702129364
2.27590894699097
2.18324661254883
3.71579742431641
1.78619992733002
3.77932858467102
15.0059003829956
36.6131706237793
6.14055347442627
2.81097841262817
9.30499935150146
12.022912979126
7.21688508987427
4.41798496246338
2.8850462436676
3.3695981502533
1.51736342906952
1.1696195602417
9.29687404632568
2.31508874893188
5.17141962051392
2.58586883544922
1.68599772453308
2.9284679889679
5.40232563018799
4.81435441970825
1.45471394062042
8.33564758300781
9.33000183105469
6.56022357940674
2.52655267715454
21.9371280670166
1.78607022762299
10.866400718689
6.72679328918457
2.38922262191772
2.99802947044373
1.39563822746277
4.96582078933716
4.75190591812134
4.24850749969482
9.46665477752686
4.26247215270996
8.67974185943604
4.20817995071411
2.51379632949829
7.1989541053772
11.3827905654907
4.62018632888794
9.6660680770874
6.04136657714844
16.7321109771729
9.85903453826904
2.29062342643738
6.63577938079834
4.13084554672241
1.14024269580841
1.65937054157257
5.2705192565918
5.02212142944336
5.39027261734009
1.84716176986694
6.50992345809937
12.9905042648315
1.48503386974335
0.704467177391052
2.78380179405212
5.33388090133667
8.52003860473633
4.03491353988647
5.95942831039429
5.12786388397217
6.97560787200928
7.46305751800537
10.0287961959839
7.11902475357056
8.28396987915039
5.9668231010437
3.0784637928009
3.01244401931763
4.0784797668457
6.62949562072754
7.45822286605835
4.29665327072144
6.96483612060547
7.58387041091919
2.82142996788025
6.09238338470459
5.23402738571167
1.94453227519989
3.98734617233276
8.89002895355225
6.76237392425537
4.1259913444519
0.690472662448883
1.98979318141937
3.96647667884827
3.84084296226501
6.6105785369873
4.23442268371582
4.47712421417236
7.22742605209351
16.1103115081787
2.26702046394348
1.83997118473053
0.656502068042755
3.18627619743347
9.01174545288086
3.93420815467834
4.45074605941772
2.54218554496765
12.2828350067139
4.61393356323242
5.10265636444092
3.04873442649841
5.01626777648926
11.5161209106445
1.79504680633545
11.1601324081421
2.76932811737061
10.3366203308105
4.10271596908569
7.38355493545532
4.04182195663452
2.73284816741943
10.531099319458
8.12329483032227
1.66257190704346
4.19345998764038
7.58885717391968
20.0264415740967
0.907584249973297
6.72617387771606
4.15150833129883
2.23831391334534
5.62302446365356
2.56131148338318
1.63294661045074
2.70130228996277
8.61036968231201
4.18630075454712
5.43191528320313
3.12029504776001
2.61872029304504
7.72728443145752
2.04887914657593
1.32300186157227
1.37892806529999
8.20648193359375
