0.892075300216675,NaN
11.0382919311523,NaN
0.631936371326447,NaN
0.102339394390583,NaN
6.04999446868896,NaN
0.0671835392713547,NaN
0.614525675773621,NaN
0.863398373126984,NaN
7.25253486633301,NaN
1.10523891448975,NaN
1.07606112957001,NaN
1.99114072322845,NaN
0.476464539766312,NaN
1.31760931015015,NaN
3.70754432678223,NaN
1.1805374622345,NaN
1.25263452529907,NaN
15.412935256958,NaN
1.39454412460327,NaN
11.4587888717651,NaN
0.157868608832359,NaN
1.47028684616089,NaN
1.63106143474579,NaN
0.00904573313891888,NaN
6.11400938034058,NaN
1.04128098487854,NaN
10.436354637146,NaN
10.1449756622314,NaN
2.06129312515259,NaN
0.794522523880005,NaN
6.11050271987915,NaN
0.157079502940178,NaN
0.00788014754652977,NaN
1.23019301891327,NaN
8.24056053161621,NaN
0.563139319419861,NaN
5.36040163040161,NaN
0.0426173359155655,NaN
3.04028463363647,NaN
3.5883674621582,NaN
2.69452500343323,NaN
8.04116725921631,NaN
5.84752941131592,NaN
5.00469493865967,NaN
9.41043090820313,NaN
0.0311695076525211,NaN
1.57534849643707,NaN
15.6498889923096,NaN
11.2307825088501,NaN
4.72266626358032,NaN
0.00626385258510709,NaN
0.213776409626007,NaN
5.77858448028564,NaN
3.59575605392456,NaN
0.427356690168381,NaN
8.9938907623291,NaN
9.43966388702393,NaN
0.0163703095167875,NaN
12.6224279403687,NaN
1.93024504184723,NaN
3.86622595787048,NaN
0.00750984065234661,NaN
1.82362067699432,NaN
4.5803804397583,NaN
1.84408712387085,NaN
0.843226730823517,NaN
3.4481053352356,NaN
1.13371193408966,NaN
8.28800678253174,NaN
0.0410391911864281,NaN
2.92736792564392,NaN
11.2029752731323,NaN
4.75548648834229,NaN
7.01330804824829,NaN
2.71225714683533,NaN
0.068522647023201,NaN
5.1891188621521,NaN
0.00588563969358802,NaN
10.8073692321777,NaN
2.02857089042664,NaN
0.389528453350067,NaN
12.3608732223511,NaN
0.0396239012479782,NaN
0.119651436805725,NaN
6.2336106300354,NaN
0.956161439418793,NaN
5.57668161392212,NaN
3.75254940986633,NaN
1.07424223423004,NaN
0.00947969779372215,NaN
1.05547666549683,NaN
0.867161333560944,NaN
11.0217266082764,NaN
0.893353581428528,NaN
8.16129970550537,NaN
0.456500649452209,NaN
0.61633688211441,NaN
2.11943078041077,NaN
10.9568357467651,NaN
0.371047824621201,NaN
7.43017148971558,NaN
2.06498026847839,NaN
26.4522972106934,NaN
0.00728182913735509,NaN
2.53212738037109,NaN
6.64621543884277,NaN
0.0020357824396342,NaN
13.6330738067627,NaN
0.559255540370941,NaN
6.80586719512939,NaN
9.3025951385498,NaN
0.0493085645139217,NaN
8.89461421966553,NaN
10.4691066741943,NaN
8.68768119812012,NaN
14.2374658584595,NaN
0.0571100674569607,NaN
1.09765124320984,NaN
3.41004037857056,NaN
6.05091285705566,NaN
1.60668635368347,NaN
5.40124368667603,NaN
7.73771905899048,NaN
9.29085826873779,NaN
7.75802755355835,NaN
0.535297989845276,NaN
11.1081705093384,NaN
10.6602964401245,NaN
0.649907052516937,NaN
0.846699297428131,NaN
0.39746218919754,NaN
3.69710636138916,NaN
7.56532669067383,NaN
6.57593441009521,NaN
11.9691143035889,NaN
2.75097846984863,NaN
0.700898289680481,NaN
0.165227338671684,NaN
0.0189678855240345,NaN
6.37454700469971,NaN
0.722927808761597,NaN
4.29435110092163,NaN
19.9438190460205,NaN
4.37302684783936,NaN
11.5341606140137,NaN
2.93489861488342,NaN
2.3124737739563,NaN
14.6530895233154,NaN
0.0454754941165447,NaN
1.48750948905945,NaN
0.246099174022675,NaN
3.0008442401886,NaN
4.45803689956665,NaN
4.17063045501709,NaN
2.49623870849609,NaN
19.9450645446777,NaN
8.15783309936523,NaN
11.5424699783325,NaN
12.0667533874512,NaN
4.7316107749939,NaN
0.317545205354691,NaN
0.0239061582833529,NaN
0.556876361370087,NaN
2.82794189453125,NaN
3.5582959651947,NaN
12.3909206390381,NaN
4.11020135879517,NaN
0.836570203304291,NaN
1.22915577888489,NaN
0.0135405398905277,NaN
19.2310523986816,NaN
0.0183542333543301,NaN
1.13022923469543,NaN
1.66000998020172,NaN
7.11092615127563,NaN
5.45980262756348,NaN
2.71473264694214,NaN
1.07710695266724,NaN
2.14304041862488,NaN
0.00944471079856157,NaN
0.693194985389709,NaN
0.0482319109141827,NaN
0.00797756947577,NaN
3.9202241897583,NaN
2.48317813873291,NaN
0.443214774131775,NaN
5.44864988327026,NaN
3.97998976707458,NaN
0.396857708692551,NaN
0.024662796407938,NaN
10.1786575317383,NaN
3.95135951042175,NaN
NaN,NaN
0.0301865488290787,NaN
1.2535959482193,NaN
0.0771537572145462,NaN
0.890718638896942,NaN
14.6901149749756,NaN
0.0198869816958904,NaN
5.5171856880188,NaN
0.882246494293213,NaN
2.52313327789307,NaN
9.19690990447998,NaN
2.53813505172729,NaN
0.292364627122879,NaN
2.57767534255981,NaN
0.0983442217111588,NaN
12.5935230255127,NaN
8.94148349761963,NaN
1.80681836605072,NaN
4.44156074523926,NaN
0.264347672462463,NaN
5.44786357879639,NaN
0.123686328530312,NaN
11.9496164321899,NaN
0.196832358837128,NaN
3.0815212726593,NaN
1.43681442737579,NaN
14.0492506027222,NaN
5.27803325653076,NaN
3.14464068412781,NaN
0.0205698814243078,NaN
0.0816871896386147,NaN
9.91038417816162,NaN
21.3577613830566,NaN
12.8575410842896,NaN
10.5409116744995,NaN
8.88348960876465,NaN
0.0294632874429226,NaN
10.0839872360229,NaN
1.71127915382385,NaN
8.43978118896484,NaN
0.0957957431674004,NaN
2.61760187149048,NaN
1.15628707408905,NaN
0.263031512498856,NaN
1.61954510211945,NaN
2.0703661441803,NaN
10.3269786834717,NaN
0.0421080812811852,NaN
0.892652034759521,NaN
0.274068683385849,NaN
0.00540014915168285,NaN
8.1398229598999,NaN
1.20812094211578,NaN
5.67358589172363,NaN
0.613901793956757,NaN
0.0112784551456571,NaN
0.0636452212929726,NaN
3.09852242469788,NaN
1.56040143966675,NaN
0.0234692748636007,NaN
1.0906149148941,NaN
10.6901483535767,NaN
0.0179251413792372,NaN
12.1259174346924,NaN
0.0680853575468063,NaN
4.82128047943115,NaN
8.15223979949951,NaN
5.11064577102661,NaN
4.08035182952881,NaN
11.0775175094604,NaN
8.65095615386963,NaN
2.81526470184326,NaN
8.45007801055908,NaN
1.55656373500824,NaN
1.69636702537537,NaN
3.48473453521729,NaN
0.224579900503159,NaN
7.71624135971069,NaN
0.388408452272415,NaN
0.476711958646774,NaN
0.0247283540666103,NaN
0.132196053862572,NaN
0.860718369483948,NaN
0.814624667167664,NaN
10.9804563522339,NaN
12.3995981216431,NaN
0.0121493842452765,NaN
0.355837196111679,NaN
9.7287540435791,NaN
0.56902003288269,NaN
5.07829093933105,NaN
10.3913822174072,NaN
6.77439737319946,NaN
1.34733390808105,NaN
1.3892959356308,NaN
1.77152299880981,NaN
0.108243249356747,NaN
0.150213852524757,NaN
0.0116888452321291,NaN
11.2340688705444,NaN
0.136532232165337,NaN
0.0858195945620537,NaN
0.014525406062603,NaN
7.08566904067993,NaN
0.176877304911613,NaN
0.0205205474048853,NaN
0.704599738121033,NaN
10.6123723983765,NaN
0.266877055168152,NaN
0.0315372981131077,NaN
4.74204254150391,NaN
9.86224555969238,NaN
11.3530206680298,NaN
9.59425354003906,NaN
0.056738443672657,NaN
9.08832263946533,NaN
11.260537147522,NaN
0.517219841480255,NaN
2.00303411483765,NaN
1.97258758544922,NaN
1.57925450801849,NaN
2.53429007530212,NaN
6.94919347763062,NaN
3.61903500556946,NaN
0.0965615585446358,NaN
0.0226344764232635,NaN
0.0698781684041023,NaN
0.770476996898651,NaN
5.55896663665771,NaN
0.0791091918945313,NaN
0.87241119146347,NaN
3.12333488464355,NaN
10.4499702453613,NaN
9.1767520904541,NaN
0.18916879594326,NaN
0.0154725331813097,NaN
0.400412648916245,NaN
9.43570137023926,NaN
11.4515342712402,NaN
0.089625358581543,NaN
2.17206025123596,NaN
13.8061323165894,NaN
0.494918078184128,NaN
0.79249370098114,NaN
0.65776538848877,NaN
12.4455080032349,NaN
0.0294835921376944,NaN
0.215486884117126,NaN
0.0762087106704712,NaN
0.933915734291077,NaN
0.631293475627899,NaN
10.1843166351318,NaN
1.30648720264435,NaN
2.79687976837158,NaN
4.38663339614868,NaN
11.8935518264771,NaN
0.0329123772680759,NaN
13.3124809265137,NaN
2.76479315757751,NaN
5.50479888916016,NaN
1.54648959636688,NaN
26.1334476470947,NaN
0.125172734260559,NaN
4.94569969177246,NaN
4.24822664260864,NaN
1.36483311653137,NaN
5.09722280502319,NaN
1.39240515232086,NaN
1.14549112319946,NaN
0.00513601768761873,NaN
3.82326936721802,NaN
3.99238586425781,NaN
2.00417065620422,NaN
4.43037700653076,NaN
1.77046096324921,NaN
0.0238198135048151,NaN
1.8777881860733,NaN
0.21374736726284,NaN
0.0603301413357258,NaN
16.9023818969727,NaN
0.00806437619030476,NaN
4.76533126831055,NaN
1.60171127319336,NaN
0.723640918731689,NaN
0.35003188252449,NaN
0.0449144579470158,NaN
1.24719870090485,NaN
2.08588290214539,NaN
0.100337505340576,NaN
0.0320886820554733,NaN
10.2117967605591,NaN
10.9899587631226,NaN
4.52528762817383,NaN
0.141749233007431,NaN
0.00873697083443403,NaN
7.62321805953979,NaN
6.74859666824341,NaN
1.79892599582672,NaN
0.0499290227890015,NaN
11.6563625335693,NaN
0.0171592589467764,NaN
6.59029912948608,NaN
0.830122947692871,NaN
11.5168361663818,NaN
0.0222007501870394,NaN
7.25460958480835,NaN
7.47807168960571,NaN
0.153945744037628,NaN
9.990065574646,NaN
1.80447840690613,NaN
2.3483681678772,NaN
4.71287202835083,NaN
0.0359008871018887,NaN
0.135264411568642,NaN
1.05099749565125,NaN
1.81661033630371,NaN
1.09678566455841,NaN
2.22572588920593,NaN
2.18774175643921,NaN
15.685715675354,NaN
6.58982563018799,NaN
0.14762918651104,NaN
1.21579706668854,NaN
0.746313154697418,NaN
17.0943946838379,NaN
0.0558015517890453,NaN
8.41812038421631,NaN
0.914212942123413,NaN
0.283502399921417,NaN
1.42456650733948,NaN
0.066761888563633,NaN
1.03553736209869,NaN
12.2571430206299,NaN
0.352036267518997,NaN
2.14220380783081,NaN
3.16805768013,NaN
6.53679323196411,NaN
9.10022258758545,NaN
13.6485929489136,NaN
1.94257867336273,NaN
10.8222026824951,NaN
7.86902761459351,NaN
0.140658184885979,NaN
0.463562428951263,NaN
8.2263240814209,NaN
1.03343117237091,NaN
0.400654673576355,NaN
0.00693604350090027,NaN
4.80255222320557,NaN
0.0365934744477272,NaN
0.0219388958066702,NaN
0.652501046657562,NaN
11.8049287796021,NaN
12.5422992706299,NaN
5.94699954986572,NaN
0.00516264187172055,NaN
1.23010051250458,NaN
4.4213228225708,NaN
0.446268290281296,NaN
1.30242371559143,NaN
7.51274156570435,NaN
13.7114143371582,NaN
0.546226620674133,NaN
6.73085308074951,NaN
1.95105516910553,NaN
8.2868595123291,NaN
0.029741570353508,NaN
1.02811503410339,NaN
0.0302225556224585,NaN
0.609464883804321,NaN
1.36400592327118,NaN
2.62009763717651,NaN
5.91901159286499,NaN
1.51463556289673,NaN
2.54577422142029,NaN
0.053080290555954,NaN
1.60918569564819,NaN
1.82876527309418,NaN
0.017576327547431,NaN
0.370812684297562,NaN
14.3433980941772,NaN
6.72082805633545,NaN
1.27896809577942,NaN
1.36263430118561,NaN
0.0487016998231411,NaN
0.0163068994879723,NaN
8.6743106842041,NaN
2.6643328666687,NaN
8.47877216339111,NaN
2.24784302711487,NaN
6.54232263565063,NaN
2.0234477519989,NaN
1.43492794036865,NaN
2.85250353813171,NaN
7.71835899353027,NaN
1.91390526294708,NaN
1.20057702064514,NaN
0.0102021498605609,NaN
1.80408573150635,NaN
0.327205508947372,NaN
9.78860187530518,NaN
12.9557342529297,NaN
0.089671291410923,NaN
0.263869524002075,NaN
2.49350905418396,NaN
7.16548204421997,NaN
5.17443466186523,NaN
8.27753734588623,NaN
0.594508171081543,NaN
13.8942880630493,NaN
10.212384223938,NaN
0.290714949369431,NaN
0.959536254405975,NaN
0.0123714162036777,NaN
0.152008891105652,NaN
10.6690654754639,NaN
0.0623472854495049,NaN
10.799129486084,NaN
4.92063236236572,NaN
15.243800163269,NaN
11.8497953414917,NaN
1.82601499557495,NaN
3.01923608779907,NaN
2.32716917991638,NaN
0.271740436553955,NaN
1.58914482593536,NaN
0.0155878867954016,NaN
1.90551912784576,NaN
0.0857077687978745,NaN
0.766046047210693,NaN
7.66780471801758,NaN
0.763909518718719,NaN
0.0134823201224208,NaN
4.62081384658813,NaN
3.72025179862976,NaN
0.42320442199707,NaN
0.0473173633217812,NaN
0.0713041201233864,NaN
0.54907101392746,NaN
21.8853130340576,NaN
0.011106445454061,NaN
3.15371799468994,NaN
0.024412652477622,NaN
0.686309814453125,NaN
11.689453125,NaN
2.47479557991028,NaN
15.406418800354,NaN
0.955660462379456,NaN
0.0845835655927658,NaN
0.146020874381065,NaN
0.00813852716237307,NaN
2.08018326759338,NaN
0.251960039138794,NaN
10.0467510223389,NaN
4.75793218612671,NaN
1.03784596920013,NaN
9.0237398147583,NaN
4.44365692138672,NaN
1.66162467002869,NaN
1.0454683303833,NaN
2.20365023612976,NaN
8.19523239135742,NaN
10.3157625198364,NaN
6.58287811279297,NaN
8.17316436767578,NaN
0.0696013942360878,NaN
0.159744530916214,NaN
5.31104421615601,NaN
3.63878607749939,NaN
0.012177417986095,NaN
0.161227226257324,NaN
4.49348306655884,NaN
0.0525774620473385,NaN
3.87874913215637,NaN
3.1729371547699,NaN
2.28221106529236,NaN
2.17476582527161,NaN
0.106541141867638,NaN
7.49784517288208,NaN
2.35291433334351,NaN
1.29807424545288,NaN
4.86469793319702,NaN
2.90786266326904,NaN
4.22706508636475,NaN
3.01904249191284,NaN
6.96610832214355,NaN
3.2503490447998,NaN
6.81703615188599,NaN
2.54087018966675,NaN
1.70172452926636,NaN
8.2166919708252,NaN
0.802094995975494,NaN
0.0558849200606346,NaN
8.71548652648926,NaN
10.0174722671509,NaN
3.35191941261292,NaN
7.24880647659302,NaN
9.82948970794678,NaN
9.0884952545166,NaN
7.74559259414673,NaN
2.5833637714386,NaN
0.019053976982832,NaN
0.0678685531020164,NaN
8.42605781555176,NaN
9.32518100738525,NaN
1.65786576271057,NaN
13.9093322753906,NaN
5.70600414276123,NaN
0.711463510990143,NaN
0.3942611515522,NaN
2.5468602180481,NaN
0.225990548729897,NaN
9.85378742218018,NaN
1.02878904342651,NaN
0.0367076024413109,NaN
10.986912727356,NaN
0.574925184249878,NaN
9.43675422668457,NaN
6.56508731842041,NaN
1.22344934940338,NaN
1.2423290014267,NaN
8.61447334289551,NaN
2.36586499214172,NaN
0.022128377109766,NaN
0.199161857366562,NaN
0.0143189514055848,NaN
0.590843677520752,NaN
10.0540370941162,NaN
0.0502734892070293,NaN
4.38903045654297,NaN
1.30692577362061,NaN
3.11858057975769,NaN
0.165234550833702,NaN
7.17647695541382,NaN
8.75204753875732,NaN
1.07889831066132,NaN
2.27790522575378,NaN
4.60090160369873,NaN
13.6166143417358,NaN
9.4005823135376,NaN
4.04416608810425,NaN
9.11870574951172,NaN
2.27942585945129,NaN
1.89378356933594,NaN
0.0782159939408302,NaN
1.45857465267181,NaN
3.4271502494812,NaN
1.09429490566254,NaN
0.111265793442726,NaN
0.101471893489361,NaN
0.164163902401924,NaN
0.0274896584451199,NaN
3.32729983329773,NaN
0.056195106357336,NaN
0.673804759979248,NaN
0.113020218908787,NaN
9.53002548217773,NaN
15.2484750747681,NaN
0.0214756019413471,NaN
4.43836784362793,NaN
8.27600479125977,NaN
6.14619255065918,NaN
0.00733810756355524,NaN
4.69923067092896,NaN
9.73990726470947,NaN
1.84402978420258,NaN
0.423811614513397,NaN
3.55664849281311,NaN
0.0537414066493511,NaN
7.06279850006104,NaN
0.327787727117538,NaN
6.20980405807495,NaN
0.678036093711853,NaN
6.1947603225708,NaN
2.33887767791748,NaN
0.102691024541855,NaN
10.7808313369751,NaN
3.21993517875671,NaN
0.663335502147675,NaN
0.910809278488159,NaN
0.0909315198659897,NaN
1.29780566692352,NaN
5.59859991073608,NaN
2.05403470993042,NaN
8.88536834716797,NaN
0.693785905838013,NaN
3.69630908966064,NaN
11.2012119293213,NaN
4.34790802001953,NaN
0.081466443836689,NaN
0.426594138145447,NaN
0.122605971992016,NaN
4.91299724578857,NaN
3.70663118362427,NaN
7.08192777633667,NaN
0.0205378960818052,NaN
0.858334243297577,NaN
4.51355314254761,NaN
3.91825890541077,NaN
6.96792364120483,NaN
8.5608606338501,NaN
2.64263892173767,NaN
14.2637777328491,NaN
3.94393014907837,NaN
0.0174459181725979,NaN
2.1624972820282,NaN
0.420881718397141,NaN
0.97219717502594,NaN
6.07144165039063,NaN
8.55799674987793,NaN
7.93906354904175,NaN
6.39988374710083,NaN
1.42328488826752,NaN
0.620436728000641,NaN
0.689353108406067,NaN
1.34626841545105,NaN
3.35588097572327,NaN
0.032572615891695,NaN
0.518550217151642,NaN
6.11905813217163,NaN
0.254934161901474,NaN
4.02435874938965,NaN
0.726860165596008,NaN
6.63090848922729,NaN
0.0127672581002116,NaN
0.69536566734314,NaN
10.7905740737915,NaN
7.90654325485229,NaN
0.164524585008621,NaN
0.060134407132864,NaN
3.29537487030029,NaN
0.0741605162620544,NaN
0.0658057108521461,NaN
0.909228146076202,NaN
0.882407963275909,NaN
0.0806658715009689,NaN
3.52753257751465,NaN
1.0074554681778,NaN
8.78488540649414,NaN
1.45580530166626,NaN
0.0122949481010437,NaN
8.25398063659668,NaN
0.788377165794373,NaN
2.96178317070007,NaN
5.59763765335083,NaN
4.97447824478149,NaN
4.87071228027344,NaN
0.0138181280344725,NaN
0.220243394374847,NaN
6.56262588500977,NaN
8.2249116897583,NaN
3.55247235298157,NaN
0.0187742654234171,NaN
0.646957218647003,NaN
3.40849351882935,NaN
0.0895819962024689,NaN
3.77319431304932,NaN
4.77359008789063,NaN
11.1173496246338,NaN
0.0231488924473524,NaN
5.49447154998779,NaN
0.0178166013211012,NaN
7.61778020858765,NaN
11.0999574661255,NaN
8.32138442993164,NaN
20.4182643890381,NaN
0.146787151694298,NaN
6.37537431716919,NaN
0.143148392438889,NaN
0.430771946907043,NaN
4.67506408691406,NaN
1.67568826675415,NaN
1.15852129459381,NaN
13.2290191650391,NaN
2.06807518005371,NaN
0.806421399116516,NaN
7.39943981170654,NaN
1.70114123821259,NaN
0.602101624011993,NaN
1.1083710193634,NaN
2.4573700428009,NaN
7.85971212387085,NaN
0.881985545158386,NaN
0.410431504249573,NaN
2.16800498962402,NaN
4.09239149093628,NaN
3.64389204978943,NaN
9.84195041656494,NaN
5.9676833152771,NaN
0.0188891310244799,NaN
0.434092164039612,NaN
0.0551007091999054,NaN
0.0384721197187901,NaN
1.72012412548065,NaN
10.0205755233765,NaN
2.78327512741089,NaN
1.3658139705658,NaN
3.02559185028076,NaN
0.00593608012422919,NaN
1.61582517623901,NaN
4.60905838012695,NaN
0.147087380290031,NaN
2.60572195053101,NaN
1.09165930747986,NaN
1.3096741437912,NaN
1.04667258262634,NaN
0.031048059463501,NaN
0.654079675674438,NaN
9.56615734100342,NaN
6.88565635681152,NaN
10.9348239898682,NaN
9.03713417053223,NaN
6.16774034500122,NaN
0.133180439472198,NaN
8.50198841094971,NaN
1.00689554214478,NaN
3.21122312545776,NaN
4.3809380531311,NaN
0.00663841515779495,NaN
7.66930103302002,NaN
2.33923029899597,NaN
0.152631655335426,NaN
0.414419114589691,NaN
11.0227880477905,NaN
11.9117746353149,NaN
0.113041654229164,NaN
0.646653413772583,NaN
0.0668209940195084,NaN
0.407056272029877,NaN
0.0631857439875603,NaN
4.63174867630005,NaN
0.00616281945258379,NaN
8.3990650177002,NaN
0.0180639885365963,NaN
2.87666392326355,NaN
0.0644410103559494,NaN
1.34900844097137,NaN
0.122213430702686,NaN
12.8988103866577,NaN
5.30196046829224,NaN
0.0325826220214367,NaN
7.4706506729126,NaN
0.42331063747406,NaN
0.0190012399107218,NaN
0.00402859691530466,NaN
3.23074674606323,NaN
0.797578096389771,NaN
2.52542352676392,NaN
1.63809978961945,NaN
4.16275453567505,NaN
0.0316404886543751,NaN
0.0306043270975351,NaN
11.5959844589233,NaN
5.26132297515869,NaN
9.41427326202393,NaN
3.01597046852112,NaN
0.0799877345561981,NaN
1.83757019042969,NaN
2.14550018310547,NaN
0.276624798774719,NaN
0.0203862320631742,NaN
2.0606632232666,NaN
3.37051916122437,NaN
0.65710324048996,NaN
9.59111309051514,NaN
6.33844614028931,NaN
0.625711143016815,NaN
0.031708475202322,NaN
8.73503875732422,NaN
1.20608639717102,NaN
4.36231756210327,NaN
5.24877977371216,NaN
2.99567675590515,NaN
6.99858999252319,NaN
11.0707759857178,NaN
0.00767717836424708,NaN
0.0240632593631744,NaN
13.0255889892578,NaN
0.130624309182167,NaN
6.77341985702515,NaN
2.29301238059998,NaN
14.19273853302,NaN
0.0156199904158711,NaN
1.10389971733093,NaN
5.12646675109863,NaN
0.0408459082245827,NaN
2.83936285972595,NaN
0.128555238246918,NaN
2.62594389915466,NaN
4.11072874069214,NaN
9.79235076904297,NaN
5.72370195388794,NaN
1.58986306190491,NaN
4.94692468643188,NaN
0.555179595947266,NaN
0.886152267456055,NaN
0.00291682663373649,NaN
2.49299573898315,NaN
0.989261865615845,NaN
0.411757737398148,NaN
0.0106803979724646,NaN
0.0638703554868698,NaN
0.0291996151208878,NaN
7.63215065002441,NaN
0.071081317961216,NaN
7.86130714416504,NaN
1.59603250026703,NaN
0.0265785697847605,NaN
5.85528802871704,NaN
0.0148509899154305,NaN
0.0551384463906288,NaN
1.33804976940155,NaN
7.67924165725708,NaN
4.91879034042358,NaN
0.0175287276506424,NaN
1.79562652111053,NaN
12.0299816131592,NaN
5.80389308929443,NaN
0.441512912511826,NaN
12.2868804931641,NaN
5.01847267150879,NaN
0.0353050567209721,NaN
0.0153863523155451,NaN
0.0190768372267485,NaN
1.37757933139801,NaN
6.74852848052979,NaN
6.86536741256714,NaN
8.16732215881348,NaN
0.203131601214409,NaN
0.237496569752693,NaN
3.24624228477478,NaN
5.40600633621216,NaN
0.0141214719042182,NaN
0.0594041533768177,NaN
0.417251288890839,NaN
2.81203675270081,NaN
0.0239327605813742,NaN
1.50971269607544,NaN
5.63236856460571,NaN
1.89603543281555,NaN
0.0500900000333786,NaN
1.50669181346893,NaN
1.25966954231262,NaN
1.36129760742188,NaN
0.512854099273682,NaN
0.0341336391866207,NaN
1.38316488265991,NaN
1.82607197761536,NaN
3.96098828315735,NaN
11.1386547088623,NaN
0.810825884342194,NaN
0.0464472025632858,NaN
1.15919840335846,NaN
4.99726343154907,NaN
0.995593726634979,NaN
2.50358200073242,NaN
5.44066143035889,NaN
1.41449797153473,NaN
11.2618246078491,NaN
0.0480820797383785,NaN
2.23703908920288,NaN
0.00604772521182895,NaN
0.0723395869135857,NaN
5.6006007194519,NaN
0.0463485866785049,NaN
3.12802815437317,NaN
3.40840101242065,NaN
3.82455134391785,NaN
1.38155663013458,NaN
0.0105008548125625,NaN
2.34491634368896,NaN
0.198647171258926,NaN
5.68496751785278,NaN
1.32068991661072,NaN
6.90333986282349,NaN
4.53197813034058,NaN
0.0099043995141983,NaN
0.655303716659546,NaN
4.93285226821899,NaN
12.4870405197144,NaN
0.123689502477646,NaN
1.07772588729858,NaN
0.0336624421179295,NaN
0.0653865337371826,NaN
18.8739223480225,NaN
11.3500776290894,NaN
0.320254266262054,NaN
6.1167426109314,NaN
0.00325672328472137,NaN
0.0189250037074089,NaN
1.13116908073425,NaN
5.1736888885498,NaN
14.1965227127075,NaN
7.80507946014404,NaN
2.22381663322449,NaN
12.4458074569702,NaN
3.36269569396973,NaN
3.42828726768494,NaN
0.0156508404761553,NaN
0.00561359338462353,NaN
0.924834787845612,NaN
1.78019142150879,NaN
9.7800121307373,NaN
5.55373573303223,NaN
0.711118638515472,NaN
5.58040809631348,NaN
7.51520395278931,NaN
1.42959332466125,NaN
