7.29679870605469,234.201553344727
13.1366519927979,310.984619140625
7.12086296081543,178.412170410156
98.9233627319336,309.347290039063
7.1231255531311,373.385009765625
5.55172252655029,352.372009277344
4.23313045501709,207.819625854492
4.45021820068359,183.653686523438
22.0387363433838,351.284942626953
8.48523998260498,293.672393798828
9.12826919555664,291.617584228516
1.83364474773407,132.827911376953
11.0117273330688,228.060745239258
6.254234790802,355.754241943359
8.16329002380371,335.067565917969
5.6370096206665,364.136108398438
3.08574891090393,168.346008300781
3.56971096992493,168.971435546875
5.58617925643921,251.866943359375
31.1517581939697,319.905944824219
5.08472490310669,272.512664794922
137.956604003906,292.746307373047
5.26652669906616,273.205139160156
45.667293548584,345.068939208984
22.6000289916992,194.670989990234
9.51624202728271,328.257568359375
10.9678058624268,378.561737060547
4.64206790924072,112.112129211426
23.9178562164307,323.253631591797
3.85058212280273,260.664794921875
10.1664381027222,273.343139648438
12.9235143661499,292.359771728516
4.40051555633545,310.048004150391
6.46679306030273,135.212982177734
14.8014888763428,383.830230712891
7.97326946258545,301.593688964844
8.11262512207031,423.531219482422
5.81378555297852,323.563598632813
4.75780344009399,250.91813659668
6.97172880172729,242.856002807617
15.9761209487915,351.461303710938
13.8927869796753,223.553649902344
5.18262338638306,272.891540527344
7.7985405921936,370.456817626953
1.67301774024963,114.506019592285
9.29505634307861,290.848876953125
6.68316268920898,322.440216064453
2.64795541763306,131.414031982422
3.1354296207428,356.878173828125
138.599304199219,320.686981201172
10.5743570327759,425.612365722656
13.4594278335571,255.329360961914
22.5844841003418,311.127319335938
11.2081251144409,302.240325927734
61.9836540222168,305.340454101563
24.3555221557617,355.485473632813
8.1199197769165,205.43489074707
10.9486684799194,323.231842041016
1.96768879890442,168.284362792969
5.92642593383789,360.496887207031
13.0502185821533,295.778106689453
23.0349884033203,303.3134765625
45.0160675048828,359.600463867188
3.43798851966858,219.324478149414
5.7811074256897,248.990875244141
146.313385009766,301.163726806641
8.77485466003418,256.057495117188
3.30191993713379,232.628219604492
22.2280120849609,259.028411865234
1.28131437301636,61.182933807373
76.3434524536133,383.337921142578
0.766629219055176,34.4640235900879
35.7091941833496,407.690704345703
5.32670164108276,221.059722900391
18.0343742370605,285.482543945313
8.18223476409912,288.335968017578
5.2287483215332,257.626678466797
52.5799446105957,351.235778808594
5.61175775527954,512.444763183594
6.56802845001221,281.446868896484
4.30804967880249,369.294647216797
6.5838475227356,430.013031005859
5.65076494216919,221.555145263672
7.10005617141724,334.873840332031
6.6548924446106,203.164916992188
48.1999931335449,312.143188476563
22.9893989562988,337.869171142578
6.32252979278564,353.095489501953
4.31823682785034,157.696212768555
15.2550954818726,323.773742675781
5.95528268814087,227.930435180664
7.02726459503174,272.687530517578
6.32611322402954,415.009613037109
4.20480155944824,157.696212768555
7.03767538070679,271.485321044922
8.65790367126465,289.213562011719
2.77657294273376,138.217498779297
14.3058738708496,296.888092041016
7.27915191650391,526.013488769531
13.0399036407471,313.521545410156
8.25577163696289,350.959320068359
6.05979681015015,308.757965087891
13.912859916687,253.292037963867
15.7390584945679,330.985015869141
5.04413318634033,207.626708984375
92.9221420288086,309.347290039063
5.68264055252075,321.785095214844
8.28104305267334,423.644500732422
5.56916093826294,293.419738769531
27.3474464416504,122.246932983398
8.20145988464355,337.554870605469
7.5991473197937,288.790863037109
15.4450035095215,280.296478271484
60.5420570373535,283.514617919922
13.0268650054932,387.453338623047
51.3735580444336,341.944732666016
6.92377853393555,305.432342529297
5.86219644546509,436.218566894531
10.9579877853394,306.149475097656
12.8141059875488,484.859039306641
9.35586261749268,302.2333984375
13.2247285842896,221.840484619141
7.74202108383179,306.094635009766
7.23761510848999,246.807205200195
5.4937481880188,335.809295654297
4.49740505218506,443.723510742188
13.6247110366821,581.229187011719
25.5438404083252,332.287719726563
12.328330039978,363.949676513672
17.2734375,453.7646484375
7.72449779510498,244.139892578125
3.05172848701477,355.746429443359
14.6223449707031,370.424743652344
3.43751192092896,157.911071777344
13.3956623077393,207.852401733398
14.6129808425903,368.239868164063
7.27874231338501,350.706451416016
8.95086479187012,312.675720214844
14.6275749206543,390.762145996094
14.2444009780884,484.679901123047
5.09125423431396,226.780883789063
9.8419885635376,290.689239501953
5.63783407211304,357.562927246094
13.3182239532471,478.905456542969
5.41439628601074,237.399749755859
10.9787158966064,231.598571777344
9.11395931243896,373.114105224609
5.95244598388672,248.727935791016
7.83860158920288,308.592071533203
2.21111536026001,93.8946075439453
12.4601726531982,259.268096923828
4.31607151031494,270.228881835938
15.290509223938,319.133850097656
7.0023512840271,460.590911865234
5.13040447235107,297.110748291016
19.3913345336914,367.260559082031
15.3001222610474,257.938385009766
5.34839105606079,432.102569580078
20.7206802368164,266.047729492188
21.8782405853271,370.745361328125
1.60548901557922,120.944236755371
13.587025642395,447.429870605469
8.37564277648926,277.484405517578
12.8133811950684,329.099731445313
10.6460151672363,539.232116699219
4.16093587875366,252.066268920898
8.98805904388428,351.678833007813
40.1872138977051,341.092315673828
7.88545799255371,342.146667480469
8.26504611968994,290.294860839844
4.74572896957397,334.568878173828
10.2966585159302,222.678421020508
12.0479545593262,445.536285400391
9.77927589416504,282.482299804688
6.30233097076416,251.905029296875
7.38463497161865,346.59814453125
8.57423400878906,332.148040771484
1.0903263092041,66.0432281494141
4.18997716903687,333.273254394531
5.44471597671509,187.821685791016
3.2944118976593,253.731719970703
8.80361843109131,336.313934326172
9.65222835540771,236.182983398438
1.63027930259705,61.1332855224609
7.75849771499634,280.428894042969
4.17036724090576,259.024749755859
11.6784658432007,275.263214111328
4.28339719772339,254.807312011719
4.84942722320557,163.307846069336
5.0529146194458,123.957672119141
8.45612716674805,242.727478027344
12.5077896118164,467.822967529297
5.02499055862427,232.783645629883
7.36362791061401,297.552276611328
6.4862756729126,537.697265625
40.2420463562012,359.807281494141
9.34261322021484,537.510192871094
11.9050407409668,421.621520996094
8.96328163146973,281.080810546875
16.6140384674072,314.593780517578
8.27384376525879,344.2236328125
7.44058465957642,280.901000976563
7.67073583602905,300.283081054688
7.02103805541992,257.638031005859
5.17314672470093,266.711151123047
5.72462272644043,319.927154541016
9.97277450561523,317.198394775391
17.9646339416504,289.425537109375
8.4111156463623,165.250900268555
5.15140819549561,366.413909912109
5.27773380279541,269.855499267578
7.19833421707153,237.295974731445
8.45071125030518,266.331878662109
9.05277824401855,195.356704711914
2.1198251247406,156.520751953125
5.01164150238037,274.474822998047
8.32493209838867,370.035491943359
6.83536100387573,274.597259521484
7.4021692276001,537.265502929688
7.90666484832764,362.293548583984
3.22450828552246,331.817810058594
11.727840423584,325.200103759766
9.10237407684326,394.276245117188
24.5008239746094,336.667999267578
4.41066026687622,203.72705078125
6.57190132141113,309.258117675781
8.99539947509766,479.468353271484
13.6627016067505,294.339111328125
9.24485683441162,298.151153564453
7.14936876296997,279.468780517578
4.36027193069458,233.294219970703
8.79275226593018,519.885070800781
8.88037490844727,312.929382324219
4.46498489379883,101.048286437988
6.26738548278809,216.395584106445
4.92123556137085,227.836471557617
4.19291257858276,157.696212768555
3.85996747016907,397.864135742188
3.54723477363586,311.874206542969
10.3596830368042,405.730438232422
22.4667167663574,137.864135742188
8.48337841033936,297.434234619141
6.22056436538696,363.950103759766
5.19647121429443,164.317031860352
6.64906072616577,575.612182617188
7.15420246124268,201.51628112793
11.7582063674927,466.653869628906
5.64012622833252,323.513031005859
9.80176830291748,239.373397827148
7.31591653823853,279.206298828125
7.61533546447754,360.786193847656
4.72296094894409,246.71012878418
6.52353429794312,298.932250976563
13.0843420028687,270.291107177734
14.1009292602539,440.943359375
1.2015016078949,45.1249008178711
15.3760786056519,542.79052734375
7.29460000991821,234.557342529297
5.33207559585571,390.866546630859
5.45150089263916,486.371673583984
7.05470037460327,299.760040283203
3.67780017852783,284.317199707031
5.9014835357666,332.601593017578
8.36223411560059,363.009582519531
9.46629333496094,230.961715698242
5.25884103775024,372.067352294922
9.77794742584229,354.143035888672
16.6441631317139,284.52490234375
1.68561351299286,145.718246459961
42.077995300293,377.621948242188
12.9559698104858,256.503692626953
1.7715744972229,99.0357131958008
9.57054138183594,371.587585449219
7.00664186477661,199.531768798828
5.8701639175415,350.170532226563
7.94603729248047,364.016845703125
3.21294569969177,277.975158691406
8.08094120025635,323.162536621094
14.3539657592773,418.647125244141
30.5046577453613,373.035064697266
16.470272064209,291.406188964844
8.8894214630127,311.350982666016
8.7105598449707,360.859191894531
2.05107116699219,168.284362792969
22.8547096252441,374.066589355469
8.21250057220459,254.459823608398
18.99977684021,346.334045410156
6.70867109298706,249.732177734375
14.6621561050415,334.544830322266
3.36956787109375,71.519645690918
11.979736328125,392.004425048828
15.2846212387085,288.863372802734
5.63645029067993,321.655517578125
9.11711883544922,432.29248046875
6.62591981887817,210.52897644043
5.69083499908447,312.052215576172
2.21031761169434,145.078155517578
10.3337488174438,206.355072021484
5.38474416732788,330.389007568359
15.8011245727539,449.541473388672
7.11438751220703,609.790710449219
4.37320899963379,244.851287841797
5.46915435791016,432.022491455078
10.8126525878906,478.789764404297
4.10977029800415,212.138488769531
6.90469217300415,305.282440185547
11.806414604187,302.578155517578
15.1857271194458,374.95556640625
4.83196592330933,329.843353271484
4.59614753723145,301.233184814453
18.9476928710938,414.5810546875
9.09692192077637,262.866516113281
5.20811176300049,217.697525024414
8.74915504455566,284.951629638672
11.4680070877075,262.215789794922
22.3193874359131,321.754180908203
24.6339664459229,348.181457519531
6.94130277633667,385.548400878906
14.6668214797974,345.878356933594
9.73007583618164,603.630065917969
3.56412029266357,236.332168579102
27.1606788635254,455.212127685547
3.07305955886841,123.296142578125
6.01749467849731,283.788391113281
6.92423582077026,560.205627441406
18.4354019165039,364.000305175781
5.00595140457153,158.941513061523
8.19655323028564,321.852447509766
5.5111255645752,374.862030029297
27.9366607666016,166.177490234375
6.30617427825928,364.114288330078
7.05569553375244,282.277465820313
5.3042140007019,252.732650756836
8.7078800201416,449.04931640625
5.32110166549683,316.990783691406
10.2735204696655,261.836303710938
6.83703279495239,301.651062011719
7.89826345443726,387.857330322266
5.53298854827881,281.340942382813
12.7363729476929,318.341064453125
11.1225252151489,309.161804199219
6.7188663482666,198.321029663086
16.0424213409424,271.449340820313
5.20349025726318,480.887603759766
9.80153656005859,282.844940185547
5.50250625610352,236.387313842773
5.22936296463013,114.21556854248
4.45956611633301,264.131774902344
10.3318424224854,390.353424072266
5.09483337402344,242.88362121582
9.63407039642334,296.607666015625
16.2358150482178,347.214233398438
16.6926383972168,381.348266601563
2.42760372161865,103.246276855469
9.20459651947021,288.875640869141
13.5274219512939,371.3896484375
46.5927619934082,392.501983642578
5.70998764038086,551.794372558594
9.16381645202637,211.177947998047
5.04227447509766,324.815551757813
8.0247631072998,300.1962890625
6.8501615524292,345.852966308594
6.03595304489136,331.383453369141
7.95575141906738,337.148773193359
10.7218856811523,343.453582763672
8.34050369262695,333.616027832031
3.7350025177002,376.803863525391
21.2061939239502,255.124114990234
7.0382661819458,313.111541748047
5.49612760543823,231.149551391602
47.7226753234863,322.487426757813
3.99938464164734,113.488349914551
27.4925765991211,322.499877929688
13.2638025283813,378.42333984375
7.34546327590942,298.327484130859
16.0744171142578,349.564025878906
5.95309209823608,115.042922973633
1.95440948009491,144.241333007813
18.2703552246094,391.088165283203
9.87251949310303,291.631774902344
12.6356430053711,261.108795166016
22.9021701812744,335.230072021484
5.59205770492554,417.90869140625
52.8684196472168,341.944732666016
36.4507865905762,320.226531982422
6.7834300994873,578.938659667969
9.25006771087646,262.870056152344
15.5610542297363,268.995544433594
4.60716390609741,320.544616699219
6.69803714752197,233.123291015625
7.13783931732178,407.844024658203
4.40797185897827,288.302032470703
3.39858627319336,345.829833984375
10.6222667694092,326.569732666016
10.0167169570923,276.3017578125
14.8194952011108,393.943603515625
5.74518346786499,371.797546386719
5.6627721786499,253.830535888672
54.1274642944336,267.069915771484
53.9547233581543,249.374938964844
4.57164430618286,323.229614257813
6.00054788589478,214.55029296875
9.68524646759033,342.123870849609
16.6318664550781,310.627227783203
5.18950843811035,272.512664794922
7.6764554977417,519.800231933594
12.113959312439,244.73616027832
7.80926847457886,319.770660400391
7.63284111022949,376.038269042969
6.98497915267944,341.857543945313
8.61714363098145,393.986755371094
8.68909740447998,307.964935302734
12.3370189666748,341.703674316406
6.47841930389404,240.052444458008
7.87400579452515,232.473983764648
7.38149976730347,198.274230957031
6.24236631393433,155.516632080078
11.6310014724731,276.618499755859
9.55568885803223,274.478881835938
3.74700021743774,228.876449584961
4.28544759750366,273.590545654297
7.52699899673462,237.062072753906
6.35678482055664,312.445861816406
20.8318748474121,311.324249267578
7.13720464706421,301.651062011719
8.40253257751465,326.076934814453
10.9283294677734,255.68733215332
1.16192090511322,58.1456871032715
88.506706237793,338.840881347656
4.63977479934692,231.90544128418
3.91683721542358,165.725982666016
1.39827263355255,128.33203125
12.4398803710938,623.630310058594
13.8408126831055,286.142791748047
11.7380275726318,254.882278442383
8.28886890411377,220.400238037109
5.85800218582153,440.432922363281
4.78445482254028,405.863311767578
10.2416477203369,322.971130371094
3.14383459091187,234.513916015625
6.25051498413086,234.945678710938
9.73237991333008,236.182983398438
54.5797119140625,350.040283203125
9.00433921813965,335.529479980469
3.52785658836365,203.635009765625
6.1183385848999,418.090209960938
12.2685461044312,396.904144287109
4.69043493270874,315.613708496094
12.9252767562866,240.822555541992
5.94488143920898,263.566680908203
5.13479852676392,380.727355957031
4.83299684524536,246.993255615234
6.30013179779053,169.128372192383
6.17969179153442,261.022613525391
8.23130035400391,204.644866943359
8.37159824371338,323.158325195313
10.780234336853,539.755615234375
43.1522598266602,346.187377929688
1.66797435283661,183.175033569336
6.20686149597168,288.977966308594
4.04191970825195,221.427764892578
33.493480682373,272.075775146484
8.58563804626465,383.846893310547
16.2268962860107,309.826538085938
10.7883319854736,209.381988525391
48.2439002990723,355.833068847656
13.3507242202759,302.265350341797
3.48621869087219,229.63053894043
17.6026821136475,391.088165283203
4.0825343132019,212.874847412109
1.25428020954132,448.111968994141
11.380241394043,391.666595458984
14.8167276382446,296.084991455078
5.05118989944458,263.610076904297
15.0259828567505,497.521240234375
15.7133369445801,265.157104492188
2.69447994232178,179.184509277344
5.64495754241943,259.69189453125
6.88443994522095,455.287414550781
12.5260610580444,538.483276367188
6.93922185897827,293.608184814453
12.1673679351807,309.979827880859
6.77811527252197,336.962768554688
6.08528566360474,198.522720336914
1.31461179256439,259.332855224609
12.6720476150513,276.956359863281
24.257740020752,314.179534912109
73.5331497192383,271.773345947266
3.63766884803772,275.245544433594
38.4042778015137,366.351257324219
10.7113447189331,451.316650390625
16.3348731994629,305.905334472656
63.2887992858887,320.508636474609
1.15993440151215,74.4150390625
5.65506982803345,513.130432128906
17.7202854156494,391.150939941406
9.64194488525391,258.425445556641
4.37188291549683,345.052612304688
4.37876510620117,214.728149414063
13.5959882736206,303.795196533203
8.42565155029297,341.109832763672
3.51838254928589,325.414611816406
6.16481733322144,264.189819335938
8.31105136871338,380.687377929688
22.6840877532959,325.562591552734
5.54055166244507,398.2177734375
4.1074047088623,228.653823852539
22.1321334838867,328.838928222656
17.6009712219238,288.295104980469
2.88798546791077,131.747543334961
8.37400054931641,431.495269775391
6.22986745834351,432.080169677734
3.59787082672119,328.77392578125
7.16946935653687,310.713592529297
5.05276298522949,451.453308105469
4.42376804351807,317.077484130859
4.91140985488892,251.213714599609
4.49383640289307,409.186248779297
27.5160179138184,380.226959228516
7.84875297546387,364.016845703125
6.44928455352783,276.312561035156
17.4421100616455,409.014434814453
24.9527072906494,304.491027832031
7.9140625,315.187377929688
15.1027498245239,538.520324707031
29.7684173583984,366.761688232422
4.26071166992188,409.990997314453
5.17199945449829,195.679733276367
4.07360649108887,344.783233642578
10.837628364563,358.324584960938
4.78496408462524,356.910491943359
4.1997504234314,165.371215820313
5.28629875183105,388.849273681641
16.1352691650391,288.871246337891
13.1525106430054,349.975433349609
2.02101230621338,120.408836364746
60.3153266906738,352.412384033203
11.2896451950073,260.129638671875
7.20611095428467,188.299118041992
41.4744720458984,328.078002929688
12.003438949585,395.756744384766
10.7492790222168,411.40087890625
11.6107559204102,278.703887939453
16.7393932342529,357.189575195313
17.2684001922607,454.124603271484
6.29149532318115,380.135528564453
5.11074686050415,275.8193359375
18.5305576324463,284.6083984375
19.8381595611572,318.641082763672
14.968994140625,333.841033935547
2.19237375259399,234.255325317383
6.9769229888916,388.819915771484
9.35022640228271,260.909240722656
31.0276489257813,460.588958740234
10.4693412780762,284.515655517578
26.5477619171143,345.541778564453
8.98610210418701,269.352935791016
17.3319911956787,278.780090332031
1.16455936431885,53.8492813110352
17.320032119751,445.847473144531
13.8785619735718,265.241882324219
5.54105806350708,245.301803588867
16.5641860961914,351.894836425781
11.7456331253052,267.216125488281
3.47431802749634,268.365814208984
17.1082153320313,293.2900390625
10.5715217590332,208.3037109375
9.5146484375,297.869598388672
6.73881769180298,311.515899658203
6.18003511428833,246.155822753906
8.92477893829346,421.381103515625
3.32565569877625,318.968231201172
5.94220590591431,252.741638183594
93.9816131591797,358.730133056641
6.2755880355835,188.838714599609
16.3105297088623,375.234619140625
4.62393617630005,300.996032714844
20.0729637145996,331.715698242188
5.16955232620239,132.679931640625
2.05635142326355,140.89338684082
15.4517316818237,396.994598388672
8.59331226348877,288.889343261719
5.71908712387085,292.655548095703
11.9916181564331,554.032043457031
7.92487478256226,385.476501464844
5.02902460098267,297.815826416016
25.0045204162598,310.035247802734
10.6092252731323,247.790145874023
123.564613342285,353.730285644531
3.15606164932251,66.0827331542969
3.83605718612671,189.206008911133
6.34720611572266,260.461364746094
7.50866985321045,227.32568359375
25.0246334075928,425.572570800781
5.54966306686401,397.768737792969
9.27726650238037,270.143463134766
17.934383392334,415.877685546875
7.19180107116699,371.312652587891
6.77115917205811,229.298187255859
16.731237411499,295.818817138672
9.73785209655762,250.585296630859
11.270302772522,273.542358398438
22.9573593139648,310.792022705078
10.4794588088989,340.731750488281
9.07151126861572,304.880889892578
10.6534204483032,326.357788085938
10.1082887649536,143.504287719727
11.9275770187378,370.709899902344
5.08457374572754,344.059326171875
7.39220190048218,599.325561523438
11.090313911438,364.968841552734
13.1961479187012,271.602203369141
8.82175636291504,309.091094970703
9.02378845214844,386.785217285156
68.9982833862305,326.107482910156
7.56779146194458,279.331909179688
16.6976680755615,427.46484375
5.92753648757935,302.038421630859
3.51719617843628,232.929306030273
7.42264842987061,235.939331054688
6.98340320587158,266.591857910156
9.17218589782715,266.711608886719
51.9469680786133,351.235778808594
8.24959564208984,335.372009277344
2.83182907104492,145.405242919922
5.31494951248169,295.926330566406
8.2747974395752,266.835784912109
5.75572204589844,298.870758056641
45.0148811340332,346.290161132813
8.03330326080322,322.608001708984
15.5336351394653,380.9541015625
9.72307205200195,342.941619873047
20.3130588531494,123.62483215332
39.7197265625,315.738037109375
6.31830453872681,344.042297363281
6.46802091598511,388.962005615234
14.9144716262817,295.653381347656
52.6238059997559,330.006591796875
13.7149000167847,322.250061035156
9.55342578887939,411.361450195313
7.96687936782837,273.4111328125
25.7660179138184,339.739593505859
2.8957257270813,375.772430419922
5.37592220306396,187.109573364258
11.7303085327148,279.408020019531
9.58622932434082,304.372894287109
28.1254043579102,352.272644042969
2.97748875617981,252.685821533203
4.39696931838989,236.705215454102
2.35355639457703,102.019683837891
1.6233549118042,187.998657226563
20.1060962677002,130.254425048828
5.98029947280884,221.907608032227
22.5006809234619,257.251403808594
3.70811820030212,345.681396484375
3.38152194023132,192.678817749023
10.6419038772583,222.574401855469
10.2587699890137,269.688629150391
8.49123668670654,292.940551757813
24.4686527252197,319.384063720703
8.08295726776123,385.900299072266
5.29403972625732,204.08235168457
6.13284206390381,327.159088134766
19.1807861328125,293.822814941406
5.54648399353027,298.811737060547
10.3583307266235,390.547943115234
10.9711141586304,352.329498291016
6.40466499328613,244.966110229492
8.92204284667969,405.305236816406
30.0723457336426,333.35302734375
9.30617809295654,398.138671875
3.7022864818573,175.994354248047
1.22736740112305,74.2772827148438
6.31059646606445,357.388549804688
7.10147571563721,326.462188720703
8.00395107269287,396.066467285156
11.5706939697266,280.594573974609
5.53003120422363,379.536834716797
4.47490549087524,289.919189453125
7.3195481300354,524.115051269531
2.40181565284729,302.094024658203
11.9021368026733,266.069244384766
6.42664051055908,178.17448425293
13.566198348999,371.764038085938
3.92568302154541,280.726379394531
6.7103419303894,237.213027954102
6.71957540512085,254.315490722656
3.0539755821228,156.910873413086
20.1599826812744,313.116180419922
10.5848789215088,291.212554931641
3.62147092819214,113.364555358887
5.49287891387939,338.750701904297
10.3920640945435,260.124664306641
4.48485898971558,153.74382019043
12.3716449737549,436.449584960938
4.65243101119995,354.662719726563
7.40767908096313,372.652496337891
2.28499341011047,104.589218139648
6.02227306365967,237.234039306641
14.8397359848022,365.167388916016
7.30227756500244,348.317260742188
7.30419397354126,279.875549316406
6.24900341033936,363.469848632813
14.3217248916626,333.460723876953
9.43514728546143,256.432586669922
8.14814376831055,373.193145751953
4.99263143539429,327.061431884766
11.664249420166,275.650909423828
3.65212821960449,253.713424682617
10.3116121292114,471.233734130859
7.03120517730713,284.473022460938
5.72919273376465,320.331146240234
6.32983016967773,157.457794189453
7.78841161727905,627.355834960938
5.66759538650513,255.204528808594
2.60450053215027,94.2642822265625
19.030782699585,312.326721191406
6.60164737701416,322.440216064453
2.18848037719727,87.2691497802734
3.0473108291626,66.0827331542969
11.577036857605,199.192642211914
8.86329555511475,567.155151367188
10.2010660171509,393.348693847656
5.48232364654541,319.586853027344
13.6682224273682,128.750595092773
11.8459587097168,437.901824951172
8.34656429290771,297.544494628906
3.43268728256226,141.671447753906
9.86247158050537,164.081756591797
6.93654489517212,380.112548828125
5.54807186126709,253.063613891602
5.74466609954834,235.082336425781
6.30784511566162,314.649780273438
9.80554485321045,303.140258789063
10.3834381103516,328.463500976563
12.6934232711792,270.343200683594
8.11807632446289,143.20832824707
5.52373361587524,382.523864746094
109.629356384277,298.231475830078
9.3558931350708,313.665252685547
11.1094551086426,404.968444824219
4.15601015090942,188.876968383789
8.54316234588623,479.975036621094
7.90887928009033,268.818328857422
9.64949512481689,247.634323120117
6.50216436386108,289.690887451172
7.41884660720825,218.709243774414
4.32103490829468,126.793960571289
14.5688819885254,425.162353515625
3.26964473724365,285.094970703125
7.06420135498047,222.378112792969
6.26918125152588,288.88330078125
8.9551477432251,282.497009277344
5.73198986053467,343.781646728516
11.2128648757935,420.659057617188
16.8511524200439,445.541412353516
18.7288417816162,374.751525878906
4.92297983169556,178.715103149414
5.43073177337646,394.578979492188
22.3611736297607,360.652374267578
20.8752250671387,284.584167480469
5.79832601547241,217.353820800781
6.67109298706055,232.12483215332
12.5584583282471,414.896240234375
5.82221651077271,275.504852294922
23.0535202026367,313.964385986328
14.6580419540405,330.994171142578
6.31574106216431,160.787353515625
16.2366008758545,334.977111816406
3.68755459785461,326.203857421875
67.1291656494141,409.978149414063
14.7540483474731,416.1005859375
10.7302322387695,307.229736328125
3.43365430831909,83.7020721435547
7.21948623657227,372.697052001953
7.14732551574707,329.126861572266
5.14261436462402,261.072479248047
6.15876197814941,157.457794189453
5.11667585372925,376.632476806641
53.3090400695801,350.040283203125
8.00689888000488,348.644622802734
7.49488973617554,177.037063598633
11.3688373565674,296.153137207031
58.4412879943848,318.295104980469
13.3047475814819,478.905456542969
20.2387084960938,344.490753173828
33.9601898193359,348.872589111328
12.3636503219604,336.416442871094
5.18356084823608,235.624099731445
5.62504863739014,251.866943359375
4.98437833786011,277.880340576172
4.54516935348511,317.241119384766
5.63968896865845,289.805358886719
5.31841468811035,510.827117919922
10.2606620788574,336.255004882813
5.84482622146606,256.484069824219
5.97720718383789,297.941833496094
6.87386083602905,283.624847412109
9.74410820007324,326.785522460938
7.76416254043579,217.903274536133
4.41794872283936,224.512512207031
64.8125762939453,328.407897949219
4.11124277114868,296.032501220703
7.74676275253296,441.548370361328
14.4744653701782,294.566711425781
7.08994817733765,352.957672119141
6.89557409286499,351.033020019531
5.50341987609863,264.237579345703
5.86796236038208,282.28271484375
15.5531520843506,293.983856201172
10.3232431411743,393.572357177734
25.7851696014404,367.279602050781
3.64614272117615,319.051422119141
4.47969579696655,357.294952392578
6.12060165405273,363.216522216797
8.1675329208374,271.615325927734
31.4781856536865,398.209503173828
4.27242565155029,319.368896484375
9.84684944152832,382.799377441406
8.24771499633789,379.845397949219
5.84651279449463,341.936798095703
32.8936538696289,272.075775146484
4.24965238571167,438.7490234375
6.13268804550171,254.964233398438
19.3948440551758,294.792999267578
7.52418088912964,276.050598144531
32.241756439209,373.288665771484
4.27310943603516,196.769195556641
17.746711730957,408.062652587891
7.30527830123901,251.375900268555
19.2329540252686,297.268402099609
11.9717664718628,313.552276611328
8.39286422729492,243.649642944336
23.131986618042,154.689437866211
8.12192630767822,420.0029296875
11.8944597244263,406.738922119141
17.256175994873,447.368499755859
3.21506476402283,293.078430175781
24.0547409057617,303.370574951172
10.6305274963379,283.723205566406
5.70356798171997,424.719909667969
96.112434387207,297.13720703125
6.77044343948364,229.590713500977
2.70872402191162,218.527542114258
3.18106698989868,143.849548339844
7.76036834716797,348.72216796875
6.49097299575806,293.692962646484
9.67859554290771,300.409637451172
7.07222318649292,307.696472167969
6.18657398223877,216.432342529297
8.61222076416016,484.551666259766
1.1252030134201,60.9793663024902
12.4618444442749,395.443176269531
17.394063949585,445.847473144531
5.57163429260254,321.871734619141
4.91582202911377,329.009521484375
9.66899013519287,223.73388671875
2.35210847854614,109.578491210938
5.78934764862061,337.579254150391
7.02358436584473,266.103729248047
10.3118705749512,424.267761230469
10.5931463241577,392.364166259766
7.31612539291382,321.204406738281
6.30677509307861,351.071502685547
4.20767736434937,162.091110229492
14.2573728561401,454.295257568359
10.5583095550537,294.122802734375
13.6185789108276,298.522064208984
6.0018424987793,335.507751464844
9.49506282806396,276.238311767578
3.15899109840393,404.489196777344
9.70695400238037,358.397735595703
1.39819717407227,195.552551269531
7.99521684646606,364.016845703125
10.3705463409424,316.713592529297
8.40529918670654,313.867370605469
64.8945999145508,326.470245361328
6.31478309631348,438.280334472656
6.9068341255188,346.959838867188
3.16254138946533,163.874557495117
6.07137823104858,362.902496337891
6.1001992225647,408.651031494141
16.1641330718994,320.579681396484
1.70967364311218,74.1466827392578
17.5528869628906,323.847137451172
7.93331909179688,323.991668701172
6.67866230010986,188.838714599609
5.77856016159058,356.383087158203
3.29594945907593,338.198364257813
15.2895250320435,225.454299926758
4.70728540420532,305.582183837891
14.0790014266968,239.481048583984
20.1949672698975,255.382446289063
4.56223821640015,213.693435668945
13.7659206390381,288.489715576172
10.5454034805298,280.748718261719
26.6357917785645,441.628295898438
8.83057975769043,413.376037597656
8.54465770721436,352.292724609375
116.885673522949,321.430389404297
6.17280149459839,309.329620361328
4.72367286682129,383.353698730469
6.36088800430298,433.405120849609
7.82167673110962,251.834030151367
7.19397354125977,402.657958984375
12.8245477676392,267.986633300781
4.25124645233154,476.556365966797
1.59038937091827,91.0000228881836
6.83256006240845,537.949768066406
2.43850111961365,94.2642822265625
2.7548725605011,127.325233459473
9.21942043304443,429.170440673828
2.15398955345154,117.01904296875
8.32975769042969,364.000610351563
17.6993007659912,312.290069580078
8.42083549499512,381.764953613281
2.94830107688904,365.58056640625
8.01408004760742,392.675415039063
1.76164817810059,104.822303771973
6.84873342514038,261.811370849609
13.5735912322998,396.444519042969
1.58904337882996,49.814380645752
2.26068615913391,210.666717529297
23.2526378631592,278.040649414063
6.37621021270752,115.042922973633
6.09586429595947,198.522720336914
25.651481628418,329.320739746094
44.3345603942871,288.559539794922
4.43410015106201,311.531890869141
25.1731224060059,408.739166259766
9.09995651245117,264.287353515625
9.8525218963623,371.791809082031
9.19401931762695,489.639434814453
4.07688856124878,406.78662109375
9.09110069274902,280.742706298828
54.3083114624023,348.476806640625
52.7171249389648,356.872375488281
7.59474229812622,314.382904052734
6.49799060821533,351.482055664063
73.3798141479492,400.011535644531
9.52420520782471,205.516891479492
10.9130296707153,420.042083740234
9.87474346160889,323.826110839844
13.8535861968994,205.652053833008
4.13285303115845,313.668151855469
7.67484045028687,315.583465576172
5.64947175979614,332.959777832031
22.2341632843018,259.460113525391
3.25060415267944,133.94677734375
8.90196418762207,240.286087036133
5.10592651367188,161.447341918945
7.46295690536499,334.842864990234
10.7747936248779,357.670593261719
11.7090272903442,347.915985107422
81.6782989501953,341.440277099609
6.2441086769104,303.4853515625
6.85233306884766,432.287475585938
5.27332639694214,210.998336791992
12.7204160690308,316.654052734375
10.1936111450195,280.867401123047
6.5890531539917,245.555801391602
9.00341129302979,496.696502685547
7.41008281707764,312.401428222656
6.28261613845825,320.173187255859
7.1946964263916,268.681976318359
7.97092580795288,345.899749755859
8.8310432434082,385.220886230469
9.07465648651123,447.070068359375
3.22497534751892,343.52587890625
28.2712268829346,352.272644042969
3.85053896903992,263.274627685547
5.40093088150024,269.724945068359
8.41405200958252,326.076934814453
5.81319999694824,279.402618408203
8.34582042694092,335.595794677734
12.4356336593628,344.393615722656
2.53090977668762,150.848907470703
6.2757773399353,295.118286132813
23.9774055480957,392.527374267578
6.65088987350464,339.06005859375
6.80523872375488,258.387603759766
3.43394494056702,248.159469604492
8.71974086761475,425.321655273438
19.5973358154297,316.883605957031
14.6594944000244,338.955810546875
8.12854480743408,240.538192749023
7.87308835983276,414.423431396484
8.29706764221191,427.478820800781
7.37382221221924,485.658905029297
12.3969736099243,395.443176269531
5.22349834442139,335.820556640625
63.0927543640137,314.518188476563
4.97158098220825,292.357482910156
8.06846237182617,296.324951171875
9.12993144989014,265.325134277344
7.58917713165283,244.424743652344
1.42741644382477,61.5479583740234
2.16184258460999,239.898132324219
3.81201791763306,172.073120117188
14.1628713607788,359.553039550781
