496948464400675000
496984262124602000
496992277728784000
496999691916895000
497034494843506000
497085701906333000
497120500090778000
497171704215448000
497206508043887000
497257707909258000
497297798949826000
497340049211257000
497383792494839000
497426049662740000
497469788278667000
497512042069466000
497555786421822000
497598039924616000
497641786641574000
497684036616491000
497727769559868000
497770030972015000
497813774218001000
497856036742134000
497899761700831000
497942044256014000
497985750379535000
498028048277696000
498073176956443000
498114065384587000
498157764068045000
498187860260253000
498196465829867000
498200102264244000
498243786776523000
498286118791428000
498329799430191000
498372136572005000
498415832714060000
498458146496752000
498501847750331000
498544153140631000
498587496192874000
498633039164117000
498673494254777000
498719033328021000
498759493508672000
498805028699112000
498845493865649000
498891028259747000
498931495386628000
498977030427100000
499017478774268000
499063039607434000
499103482572951000
499149048491936000
499189468177546000
499235064419878000
499275474316121000
499321084643845000
499361500956345000
499406303283744000
499406819412704000
499407102914867000
499447509411941000
499493116419587000
499533518849722000
499579126383854000
499619529416024000
499665137561828000
499705541044373000
499751139353219000
499791069742107000
499839602322956000
499877083544318000
499924806395405000
499925309405372000
499925601907660000
499963079119328000
500010806468455000
500011305545336000
500011602547633000
500049075729907000
500097601137501000
500135073437475000
500183608447268000
500221072238046000
500269612338678000
500307072044297000
500355627534705000
500393072825808000
500441639261578000
500479074656255000
500527661062645000
500565077642081000
500613682674558000
500651101046529000
500699706641675000
500737106192016000
500785718329750000
500823131880702000
500871729755925000
500909158578389000
500957733138569000
500995283109180000
501045590603191000
501081292529117000
501116761779428000
501125671210764000
501131592252864000
501167288041461000
501176162101144000
501183858591256000
501217594783990000
501253298427518000
501303591942778000
501339291620204000
501389594884703000
501425286128487000
501475604980138000
501511281789151000
501561616127351000
501597278555238000
501647632899552000
501683295811050000
501733646347282000
501769294942206000
501819661023228000
501855314557619000
501905675408885000
501941335269925000
501990880660433000
501991384938689000
501991681941184000
502027337876160000
502077685238816000
502113341582061000
502163680553429000
502199772302562000
502250467731818000
502285778125879000
502336690287564000
502371785170898000
502422687632680000
502457773911643000
502457906904802871
502459274985802903
502508681476977000
502543763684573000
502545662696978000
502545671697042000
502594682272441000
502629754644476000
502632063160088000
502632072160154000
502680687411475000
502715766041241000
502766690396522000
502801759075801000
502852698914274000
502887753179454000
502891263203837000
502891272203905000
502938712968424000
502973767749008000
503024723800704000
503059783532648000
503064063063365000
503064072063434000
503110734368795000
503145781022269000
503196738363101000
503231799031318000
503282737703971000
503317818081328000
503323263119857000
503323272119926000
503368731999095000
503405193568067000
503455561398133000
503491195255835000
503535660121537000
503577196409991000
503601060091648000
503609971842459000
503627518061577000
503663184777479000
503713508631556000
503749171113568000
503799504521105000
503835158673104000
503884704055150000
503885219742273000
503885503244531000
503921147458020000
503927916559258193
503928068623795413
503971501620638000
504007137265250000
504014463317993000
504014472318059000
504057502458089000
504093147562657000
504143507546934000
504179139737175000
504229506325754000
504265152426299000
504315504754284000
504351146753930000
504401495152033000
504437161489296000
504446463057030000
504446472057097000
504487480794607000
504523157866570000
504573468767480000
504611246205005000
504659447403576000
504697244626602000
504745427059148000
504783224870822000
504792062934714000
504792071934780000
504831407974915000
504869206206863000
504878462773829000
504878471773895000
504917389880151000
504955188555482000
504964863624978000
504964872625045000
505003377408287000
505041172127643000
505089361555746000
505127156692544000
505175355668513000
505213142246459000
505261347683306000
505299128858941000
505347343932599000
505385136058412000
505396863143466000
505396872143532000
505432543920433000
505433059303465000
505433338305634000
505471125010963000
505519332338757000
505557134319803000
505605322891488000
505643125386034000
505656062979639000
505656071979707000
505691299702101000
505729117477872000
505777277456238000
505817569726089000
505862767539435000
505903544317584000
505948733640571000
505989501666826000
506008563795167000
506016870219968000
506034723567145000
506075498882778000
506088062962647000
506088071962706000
506120698698068000
506161459671366000
506206679538717000
506247441188097000
506292661693685000
506333423830507000
506378649397601000
506419407548019000
506433663642699000
506433672642761000
506464629246218000
506505392424725000
506550614780290000
506591378581217000
506636597053470000
506677365849502000
506722574522660000
506763354135372000
506807751448900000
506808266404775000
506808549906891000
506849343599527000
506894520614059000
506935334137692000
506980490966026000
507024190862049000
507066155290455000
507110164070610000
507152123271022000
507196119184731000
507238084720592000
507282094586264000
507324054744693000
507368070978955000
507384064092187000
531262530642993000
531310181475159000
531348339731733000
531395981562927000
531434425770158000
531482382613313000
531520532691168000
531568480536494000
531606325727252000
531654278076956000
531692435095162000
531740378448225000
531778526012228000
531826478371451000
531864322631562000
531912580991915000
531950435464995000
531998680342110000
532036234510906000
532084479380517000
532122330057699000
532170579433521000
532208131333904000
532256677713549000
532294229289427000
532342775677621000
532380328559482000
532428879456331000
532466133708550000
532514675607692000
532552235241834000
532600777134372000
532638026128813000
532658762283225000
532667103809522000
532686876954563000
532724123038169000
532772975366508000
532810224094575000
532859076428616000
532896031254927000
532944874591708000
532982115185352000
533030972027683000
533068220021375000
533117373866404000
533154030938990000
533203171297266000
533240118656855000
533289272518511000
533325932100590000
533375076968941000
533412022250900000
533461176124276000
533497818528022000
533547278409444000
533583930902124000
533633372781838000
533670024742349000
533719475634585000
533755824597516000
533805275494319000
533841920948181000
533891371850326000
533927723316044000
533977174219374000
534013822245877000
534063273164474000
534099922427420000
534149670347778000
534185728536752000
534235471962023000
534271811281579000
534321572707240000
534357914850353000
534407671790027000
534443724403812000
534493472337638000
534529810628758000
534579567570859000
534615622354507000
534665370297915000
534701710857350000
534751769309810000
534787820174535000
534837869630194000
534873615652184000
534923669611209000
534959727082012000
534987663329771000
534995569751652000
535009767373559000
535045521186544000
535095566058905000
535131608844641000
535181667208252000
535217717127635000
535267766501750000
535303511784300000
535353565654056000
535389602948334000
535439661337185000
535475419763507000
535525464650258000
535561513373435000
535611567275440000
535647608296411000
535697666698447000
535733409088793000
535783462997088000
535819506231476000
535869564642669000
535905309386803000
535955363306557000
535991409059595000
536041467481837000
536077509882076000
536127563809174000
536163316486122000
536213361412190000
536249419328219000
536289960181482000
536297879912602000
536299760927693000
536335515488496000
536385564862343000
536421308843182000
536471362717227000
536507417920524000
536557462797371000
536593213678457000
536643263070227000
536679305751298000
536729364144118000
536765398852874000
536815461749571000
536851217856181000
536901262759194000
536937313360432000
536987358264838000
537023115008782000
537073159920923000
537109212927647000
537159262344493000
537195311981249000
537245361398855000
537281412313404000
537331461741054000
537367513738397000
537410462103369000
537453304056033000
537458461094169000
537466503036421000
537503362812961000
537539413716007000
537589458581156000
537625507157260000
537675561035080000
537711602107305000
537761660486776000
537797698289933000
537847761175387000
537883815281272000
537933572164925000
537969598941575000
538019369333243000
538055698793387000
538105473689900000
538142114679762000
538191871578063000
538227902063179000
538277672468352000
538314005580977000
538363771488467000
538400110181263000
538449876091473000
538486255263011000
538488064277033000
538488073277104000
538535620667991000
538572362135514000
538621718548606000
538658450599532000
538707816019381000
538744559988174000
538747264509947000
538747273510020000
538793916408129000
538830355595328000
538879716517441000
538916447590191000
538965817515195000
539002855555243000
539006464584491000
539006473584565000
539052216477275000
539088949703599000
539138013626353000
539432917968841000
539482008815397000
539518908692556000
539568008557107000
539604900952245000
539611263997236000
539611272997301000
539654014318011000
539690914073783000
539697664121286000
539697673121351000
539740018437526000
539776908726811000
539784063778132000
539784072778198000
539826022100350000
539862924341961000
539912024220115000
546978036647696000
547029660958270000
547039501216516000
547134816364776000
547220096562394000
547378997135204000
547461914579701000
547473664142676000
547473673142727000
547560064712054000
558161550590022000
558187263769775000
558187272769838000
558273664381654000
558273673381719000
558322692238662000
558360097032448000
558511235155483000
558603407023140000
558754536136642000
558845793201882000
558964864089175000
558964873089242000
558996931325357000
559088495944243000
559224063955156000
559224072955222000
559239634070848000
559331200245253000
559482329375811000
559573903637581000
559725032742542000
559816606728072000
559967731346802000
560058995744682000
560139096325822000
560148961756336000
560210117201136000
560302580617355000
560453714156734000
560571075636079000
560606463870808000
560606472870870000
560692864479900000
560692873479964000
560710563106112000
560818857404552000
560970049395184000
561064586575139000
561124864472363000
561124873472425000
561215787597886000
561316202128559000
561460207584240000
561556886598517000
561643264669777000
561643273669838000
561708011126287000
561801981832466000
561953110897804000
562045878771955000
562075263973467000
562075272973531000
562161664601321000
562161673601387000
562177684719584000
562183269260839000
562197007865210000
562291274169261000
562442407790252000
562535766499483000
562593663925096000
562593672925165000
562680064585087000
562680073585159000
562686904639528000
562778764556656000
562929893730307000
563024147188562000
563025663699921000
563025672699976000
563112064375818000
563112073375889000
563175294387364000
563269551639224000
563394063136572000
563402400689289000
563420688833422000
563511963015344000
563663092105165000
563758258876175000
563803263697550000
563803272697614000
563889664339335000
563889673339402000
563909387991830000
563935215598197000
563972910095789000
564015481356060000
564026190845887000
564101828954644000
564139439634836000
564177882062434000
564214588818584000
564258525588792000
564270450676941000
564346964012398000
564372065192917000
564379269746796000
564383999283075000
564420934300390000
564456750063249000
564503865113103000
564517108711799000
564592603072561000
564629219851426000
564664234817527000
564699992087255000
564748665969662000
564763232580346000
564837585627371000
564872942398968000
564907961126784000
564942867896466000
564994424115350000
565010309238136000
565082088123180000
565116958895075000
565151148014835000
565185208785226000
565240233612133000
565250250690173000
565326937084820000
565358464337556000
565358473337631000
565361519863103000
565394267895171000
565428270168528000
565495840189629000
565507108279494000
565571857044685000
565605238317223000
565637556966248000
565670668233760000
565731159917798000
565743571020098000
565816355629008000
565849439899680000
565881093933978000
565913368201551000
565972062872334000
565985607982748000
566061397635598000
566094238912109000
566124583521463000
566156848789756000
566210732365405000
566222463962248000
566222472962325000
566225424987269000
566305840819697000
566337534587912000
566368064805993000
566399425568723000
566452898055643000
566468607684977000
566550157260802000
566581738529343000
566611301057258000
566642607822677000
566707185977103000
566723786615686000
566794721261357000
566825456523547000
566854410541403000
566884889299447000
566948074419886000
566965588566963000
567039394927902000
567069963682959000
567098205397306000
567128607631744000
567193293170917000
567211585808034000
567283720299866000
567313677028238000
567341795780252000
567371370006303000
567432089326578000
567451106470897000
567527555748114000
567557638481896000
567585024394318000
567614607624568000
567673119420132000
567692784572943000
567771698206753000
567801114939751000
567828264993033000
567857843727679000
567912332062710000
567932546221759000
568016009781020000
568044895511050000
568071753068907000
568100427299750000
568153896417585000
568174524584129000
568260332950114000
568289695689545000
568315764180254000
568344447414123000
568410500996525000
568431507166390000
568504116928016000
568533115165358000
568559078644451000
568587743882436000
568653878923003000
568675105598123000
568747164776713000
568775933516052000
568802620871530000
568831286101957000
568903464977358000
568924885152131000
568990085938518000
569018665676706000
569045957775248000
569073664505834000
569073673505912000
569080547880469000
569152157808042000
569160064374150000
569160073374227000
569173645492532000
569234297093066000
569262957833499000
569289502565580000
569318185805896000
569369166048536000
569390608725296000
569479266634372000
569505663851301000
569505672851378000
569507877870286000
569533628361331000
569562329597705000
569613187699415000
569634445865057000
569722881899132000
569751659623997000
569777286467266000
569805987691387000
569874553883144000
569895569046165000
569965133878574000
569994154607709000
570021016225161000
570049708452460000
570120373230351000
570141028393135000
570207180586647000
570236502820270000
570264560494553000
570294143733055000
570364885949929000
570385104611149000
570451205502514000
570480113736391000
570508273327926000
570537865565253000
570619344341781000
570639027498506000
570695083861421000
570724532100701000
570752232888080000
570782365132053000
570840015567298000
570859046219446000
570938953270185000
570968509508160000
570996084997149000
571026505236990000
571088179827228000
571106485970641000
571181258682962000
571194362783233000
571202802048505000
571211239615154000
571240927970405000
571272018715266000
571335440984433000
571352968619415000
571425724313880000
571456198555608000
571484647659435000
571516044408883000
571585204992005000
571601846122868000
571669098150291000
571699792893851000
571729125907939000
571760833161670000
571833248901167000
571838464441356000
571838473441428000
571848994526264000
571912207266059000
571943581520604000
571973064135092000
572005356395104000
572079552855057000
572094272469863000
572155090771822000
572186825025739000
572216225520685000
572249111782997000
572320455686601000
572334032291016000
572397747972685000
572430004227669000
572459180322284000
572492372582936000
572567901290636000
572580388887312000
572640198512556000
572673300775282000
572702951858677000
572736990127094000
572806875769870000
572818170854849000
572883387228203000
572916781990542000
572946969670761000
572981610941429000
573062056307766000
573072091382359000
573126192469828000
573160262233251000
573191351837883000
573233553161747000
573303746850663000
573312512915923000
573368594152036000
573393663842042000
573393672842111000
573403563920126000
573435566767158000
573478587096169000
573542062010130000
573549509563883000
573611241611038000
573622262188406000
573630289513474000
573646678637995000
573679527774840000
573723029611341000
573794901589694000
573801030633826000
573853581652736000
573889860933259000
573923116630213000
573967711981268000
574027639855543000
574032450389874000
574096764820177000
574133521099539000
574167738137294000
574212630486494000
574271361067475000
574274848592503000
574339466258606000
574377059548594000
574412605862109000
574449398142444000
574510765509597000
574528599143787000
574583003819649000
574619710601658000
574656579106630000
574695994908913000
574758991148367000
574775915773440000
574823620835240000
574863068134825000
574900463992356000
574942660809613000
575005161760875000
575021258377371000
575064031034760000
575082800670247000
575085671691559000
575106128851002000
575144673374196000
575189556698455000
575251047228548000
575266234838631000
575304745722672000
575349548059790000
575389108899068000
575436701251041000
575493756265705000
575508043867383000
575545175065054000
575592672912931000
575633554366800000
575683842236550000
575738855208852000
575752242802279000
575785417302891000
575835610667866000
575878167165552000
575931096546431000
575983059192476000
575995537778219000
576025295317909000
576062762577369000
576071210784636000
576078185834731000
576122668003302000
576178306404885000
576226770626271000
576238367209088000
576265405960973000
576321075892111000
576367304930722000
576425688367217000
576472297350677000
576482984926838000
576505662004112000
576563955446567000
576612463455817000
576673488409009000
576716378293274000
576726107362897000
576745593219924000
576806658680692000
576857612299783000
576921395770356000
576961708478549000
576970537541370000
576984924004180000
577048626484349000
577102594115916000
577169019103541000
577204766565256000
577212758621494000
577224559609745000
577291029605089000
577319568009329000
577404110114435000
577420406497637000
577423898521492000
577481795050137000
577535538938750000
577562915712404000
577649392819764000
577678043455889000
577681539978910000
577725346020559000
577778909901569000
577806154758553000
577896821384751000
577932208127517000
577935700149994000
577970913615926000
578021948477920000
578047888228516000
578059264291546000
578059273291598000
578141259358963000
578180499502166000
578183978024318000
578215526715737000
578232064324624000
578232073324685000
578265549060167000
578291008461877000
578386175091839000
578431299927226000
578434778448767000
578457689490768000
578491264217876000
578491273217940000
578507585834504000
578534079339791000
578633741486574000
578674711141905000
578678203163341000
578702381010329000
578749392825521000
578777376491089000
578880161622278000
578920001532269000
578923264051734000
578923273051791000
578923480053109000
578947121480594000
578992751779968000
579021037289224000
579128200955256000
579162999145364000
579166482166152000
579190828768407000
579233709547453000
579264334021631000
579376002196554000
579407561090645000
579411039610376000
579434978510186000
579475091766277000
579507403994957000
579614464124122000
579614473124180000
579624458689080000
579646365663298000
579649839682994000
579678449108058000
579700863744309000
579700872744365000
579707163783195000
579750507118123000
579789063326020000
579797215387352000
579872932912541000
579885263704200000
579888773727395000
579921214817218000
579953903047122000
579994036128845000
580035638879237000
580069932914489000
580132240357663000
580134128322441000
580195508770583000
580237655111194000
580285881901949000
590983976710098000
590998268787328000
591012168286831000
591033966418032000
591045770669153000
591171636497796000
591213642862977000
591221765405938000
591247366209735000
591277745896484000
591462440910268000
591495331615374000
591524839272065000
591537664355612000
591537673355673000
591557131487054000
591565042312910000
591657598968121000
591698556992522000
591710464064385000
591710473064443000
591733837219374000
591773538024386000
591808836265329000
591816756949496000
591901506074120000
591936746892290000
591969664602907000
591969673602973000
591975037641682000
592021951600464000
592059337863594000
592067261987388000
592144806572046000
592170161142895000
592228864050357000
592228873050426000
592240235638631000
592247560409722000
592258234489150000
592274548707539000
592344303736734000
592410747845923000
592479332818076000
592486659129950000
592497333208397000
592520560603592000
592589105135531000
592652247609120000
592719941591892000
592727261673053000
592737940255388000
592766857212763000
592834209237141000
592894049827525000
592920064500903000
592920073500970000
592960537810384000
592967850670251000
592978538255038000
593013751544297000
593079911059498000
593137051095938000
593202049534186000
593211759076506000
593222451152413000
593260661335968000
593325623798635000
593379473916811000
593443545357605000
593456865217041000
593467548295040000
593507562901494000
593571314865360000
593623063688065000
593685951633295000
593700463282150000
593711150860010000
593754767088212000
593817317557801000
593869651243375000
593931036190647000
593947059361192000
593957737943297000
593997453250648000
594058806722945000
594116561143907000
594177037102873000
594192757446642000
594203436030789000
594243156540686000
594303308513817000
594359856400622000
594419135365200000
594433659569133000
594444338152273000
594488846456943000
594547805925845000
594602842667055000
594660636630884000
594678444872047000
594689136958871000
594734543100098000
594792310060116000
594845244429944000
594902138371419000
594923255937140000
594933939025777000
594979950764265000
595036507225034000
595087356804105000
595142734253934000
595166243074000000
595176935160102000
595225956161361000
595281603614703000
595329751315847000
595339264384728000
595339273384799000
595383936255955000
595409256387501000
595419934972404000
595472243927502000
595526406338067000
595572760233311000
595598464421060000
595598473421131000
595626040639710000
595656152067247000
595666839647553000
595718560601555000
595771508013157000
595815449459647000
595857664286929000
595857673287004000
595867537369429000
595900955426168000
595911638508168000
595964256245734000
596016006658487000
596057556145469000
596108136547643000
596142756894648000
596153439978699000
596210255213744000
596250202032934000
596253671561353000
596260808621062000
596300260666773000
596349936566297000
596389662059841000
596400336147637000
596455948401507000
596462464451646000
596462473451717000
596505304806632000
596542953783106000
596591437179963000
596639842637894000
596650539224939000
596702260192626000
596721664349984000
596721673350059000
596750406096088000
596786245377374000
596833234770136000
596876257578578000
596886936165752000
596947951391373000
596980864663080000
596980873663157000
596994904784013000
597029545200379000
597067264512662000
597067273512743000
597075639088624000
597119843244553000
597130539836183000
597193356130126000
597239108020935000
597272243046429000
597317135424663000
597373653109432000
597384336198079000
597438749536248000
597483304416393000
597515243973159000
597558934840287000
597609145491974000
597619837583292000
597684447057333000
597727804926384000
597758843894591000
597801036252099000
597853957503673000
597864636093139000
597930153929152000
597955862647786000
597964310515644000
597972307083399000
598002459493419000
598043733828256000
598094858390838000
598102260951057000
598175254456411000
598190464576631000
598190473576706000
598216204798178000
598245458921659000
598285536259852000
598340854817343000
598351537906259000
598420354898703000
598460108240078000
598488757299838000
598527336123105000
598583554343719000
598594237434942000
598665464874581000
598704007707335000
598732064702696000
598769730027359000
598823861530982000
598834531119659000
598910859576817000
598948200894891000
598975656288716000
599012133603879000
599076164683235000
599086834271771000
599156559076430000
599192703387752000
599219257103314000
599254235898919000
599316154911089000
599326838001329000
599400752279781000
599410980863153000
599414472892719000
599435708580554000
599462867147619000
599496630933357000
599563655334530000
599574333923526000
599645269966880000
599679002259483000
599706151811441000
599740235103686000
599800965510703000
599811635101309000
599888261103035000
599922002393872000
599949150183996000
599983233475526000
600048445819680000
600059133407429000
600132147643653000
600165902428843000
600192768084705000
600226833373959000
600292060143978000
600302734230675000
600375752155864000
600409502449247000
600436353269697000
600470436566318000
600547354479380000
600558033069692000
600619057098504000
600652802895701000
600679960559721000
600714034858761000
600784659947349000
600795338538132000
600862647133427000
600896406426160000
600923262742084000
600957040030377000
601043262698226000
601053936788019000
601105951215008000
601128064402997000
601128073403077000
601139710508389000
601166554434349000
601200331728712000
601251462940397000
601262132533466000
601349264635052000
601372088828383000
601372871835350000
601373524341171000
601380071900031000
601383001426430000
601410465350707000
601444539641891000
601516953414219000
601527636504110000
601592862311621000
601622760563112000
601654062086086000
601688118381852000
601753649490753000
601764314579938000
601836145963129000
601869887265721000
601896750179855000
601930522979862000
601997252314355000
602007921908126000
602079443795731000
602113189599055000
602145445660915000
602181324479531000
602242339565854000
602253022659098000
602329046214681000
602337663788078000
602337672788174000
602362792017881000
602388739218675000
602424064538043000
602424073538128000
602424627043326000
602500640868609000
602510464452727000
602510473452806000
602511328460334000
602606539448122000
602640298748673000
602665646424120000
602683264072671000
602683273072750000
602701228235108000
602782036397053000
602792728489079000
602882530789857000
602916596089510000
602941636975998000
602977529295767000
603082631955333000
603093328545737000
603185545690491000
603219300757042000
603244027177943000
603279928808499000
603385335074899000
603396031762750000
603488228236996000
603522001343316000
603546737995522000
603547264503846000
603547273503989000
603570934917607000
603659829887724000
603695731522421000
603814622248050000
603822902391049000
603849782220225000
603875491165035000
603985988346218000
604021889974431000
604102091220148000
604126261144825000
604152802208497000
604179996173507000
604282393404644000
604318295024010000
604403293105227000
604423381448273000
604425671987888000
604428664539913000
604454895973423000
604483601955305000
604582098446305000
604618004559175000
604704497981387000
604731372443666000
604757616384521000
604787811889279000
604892612936260000
604928514531271000
605006903148567000
605035280623208000
605060926588741000
605092319102365000
605175513037588000
605211419125158000
605308719223693000
605338590571654000
605363935875152000
605396826712070000
605476733734214000
605512626086450000
605633222243293000
605640998313267000
605665755722765000
605707264091524000
605707273091606000
605713082644533000
605807343670264000
605818085258694000
605898843667927000
605944055547194000
605968804270109000
606017598180552000
606104090835269000
606114796420621000
606201001843102000
606247667235511000
606271199999508000
606321411416786000
606404699461174000
606415310548779000
606501593013987000
606549680411611000
606574428364113000
606625917792316000
606709130763106000
606719813846413000
606802741403982000
606852385811377000
606876247046631000
606916864376840000
606916873376915000
606929225980172000
607010047453013000
607020726036603000
607103050364408000
607154197777837000
607179272223174000
607233763167846000
607330169566754000
607340866146977000
607405765447512000
607458132366781000
607483483879657000
607539473325886000
607634069865525000
607644770946800000
607705772545379000
607759642470727000
607786797566740000
607844276523566000
607934081971153000
607944778549415000
608007281306203000
608040064057933000
608040073058006000
608062649740880000
608090393444442000
608149087404847000
608221195735853000
608231887815212000
608307596845677000
608364459278825000
608394310880585000
608454494347004000
608545201731886000
608555898307153000
608609413768483000
608667765713333000
608698805532164000
608731264277178000
608731273277247000
608760505505861000
608841614130696000
608852306205250000
608910018022786000
608969575967305000
609003327064951000
609066516549141000
609145509293549000
609156214866670000
609210019241520000
609249664527967000
609249673528035000
609271084690110000
609306931019862000
609336064233595000
609336073233662000
609371623503489000
609456021867070000
609466722938517000
609510322379222000
609572890832205000
609616366000156000
609680486977660000
609760364262179000
609768063811686000
609768072811746000
609771083331957000
609810180037970000
609873954488507000
609922071176876000
609987087664580000
610060072376993000
610063267396290000
610109574656848000
610174555105997000
610223278615193000
610289487598146000
610362168074039000
610372864640663000
610372873640721000
610372887140805000
610409270990355000
610475457441577000
610531378945792000
610598784922337000
610665175308527000
610675885374455000
610709268907331000
610776656858114000
610835570514052000
610904186981149000
610969684424319000
610980385488039000
611009273034323000
611077857981516000
611140083242340000
611209887708759000
611235181318902000
611236839184000000
611323269184000000
611378759742894000
611443677957046000
611514391425208000
611576577703994000
611582463736336000
611582472736388000
611587292264510000
611608985863792000
611650264615265000
611658711074441000
611679663211723000
611741574278512000
611765460443759000
611773614328055000
611813205608902000
611880485923049000
611891209491513000
611914083606410000
611985679103243000
612041296930558000
612100863861355000
612100872861421000
612114107458368000
612184700725359000
612195410792443000
612215584516535000
612288080012645000
612347600428806000
612421310956366000
612479302690211000
612490012757593000
612515301768211000
612588679273172000
612653595947753000
612727913973498000
612782586345404000
612793314412624000
612814986269712000
612878463697597000
612878472697661000
612889281773228000
612920902504361000
612982611447517000
612990189724581000
613039910562610000
613140802936620000
613190483266406000
613223606083414000
613308715198482000
613316306008703000
613354614770993000
613446502007382000
613485382258537000
613530172662814000
613540027728435000
613547268926860000
613557128496126000
613627378901546000
613773098875494000
613828737776222000
613828863776905000
613828872776953000
613854999957359000
613897419321464000
613911697916206000
622728074692120281
622739424539903000
622795322716699000
622858197173742000
622924032543225000
622970724913491000
623042828228085000
623089525083464000
623121419082334000
623195093647862000
623259084135554000
623386795148010000
623404885258102000
623422795397329000
623475968859232000
623497465519046000
623563335739197000
623592063961899000
623592072961969000
623678464654991000
623678473655064000
623688036234238000
623745144890902000
623754032456819000
623761348043434000
623794805805023000
623860637379842000
623937664509906000
623937673509981000
624000035025597000
624039732583793000
624050433664350000
624079940474897000
624096905602708000
624136650799829000
624192932767846000
624282433786880000
624339035209382000
624347248423277000
624398706319779000
624428846012193000
624505234131298000
624516739955692000
624527436536151000
624583643554452000
624628864386028000
624628873386095000
624660004627233000
624729747486522000
624805537088676000
624821243745274000
624831935827260000
624889644323084000
624965406907738000
625032132864800000
625107337494646000
625123946779590000
625134634363351000
625195634757715000
625233664556258000
625233673556334000
625270506359052000
625333642046088000
625407937679433000
625429944163513000
625440636248771000
625502539132355000
625558564588171000
625567027972160000
625576509548093000
625639043580888000
625712142189712000
625757542940350000
625766160504459000
625807947007509000
625881014083413000
625943242617430000
626015441223538000
626074347723994000
626085044304608000
626113934966896000
626185814056733000
626245947220000000
626316642832693000
626354555199111000
626356863716149000
626356872716221000
626365242783145000
626420247122462000
626490911206134000
626547439983317000
626616943088977000
626656051029695000
626666743116305000
626727453968612000
626796615057479000
626848035730522000
626916044834312000
626958736600151000
626969446687613000
627031952726383000
627099615304505000
627149249909232000
627215742512825000
627259343654277000
627270044743535000
627338842168477000
627405010744478000
627450748037704000
627515445124251000
627566849464221000
627577546053354000
627643948023076000
627708316588493000
627753750231607000
627816647303209000
627867452696587000
627878144786730000
627951444384048000
627998439184000000
628873644887363000
628930507392228000
628964228769669000
629019336277531000
629086931089401000
629097636680276000
629179031191081000
629234102672672000
629264244594180000
629317529596008000
629387540579298000
629398232669186000
629485035333313000
629538000816229000
629569031021952000
629620529505862000
629703744743079000
629714432334729000
629791047578955000
629812863768347000
629812872768428000
629842199532494000
629869632900389000
629919034368339000
629994430769212000
630005131859794000
630095531930953000
630144901867899000
630174434095233000
630222031042031000
630308229281815000
630318930374123000
630401243850081000
630417664488557000
630417673488635000
630448804767524000
630474440094188000
630504063872429000
630504072872516000
630520534028437000
630600444457535000
630611136547350000
630703931897154000
630749706278759000
630779232157394000
630823535049365000
630905533934322000
630916235025416000
631012035033937000
631056301916821000
631080430760110000
631123230641146000
631214529891584000
631225230979040000
631313534188475000
631356001055161000
631385533191493000
631426834550382000
631510342875427000
631521034965114000
631620139000637000
631661404372960000
631685228762954000
631713664511932000
631713673512016000
631725337621915000
631811537029798000
631822233622262000
631921335995208000
631961107356404000
631990638142810000
632029536490671000
632121731015761000
632132436608889000
632228836686515000
632267406533938000
632291528432976000
632329238770158000
632434037654154000
632466338943057000
632529732647377000
632567105486612000
632596636931442000
632633433763555000
632735843308284000
632746535401179000
632836046650917000
632872501479976000
632897245382058000
632923264608130000
632923273608211000
632933133198111000
633045743124924000
633056435217887000
633137230732802000
633172803558328000
633205043013835000
633215735103167000
633268331810228000
633412234119354000
633467527173137000
633477904265242000
633508930420758000
633519636007080000
633572239684884000
633700864339982000
633700873340063000
633716137479178000
633768741795340000
633779105385163000
633811641150593000
633822337735911000
633875541631333000
634019434914397000
634073246880678000
634083605968853000
634116441919585000
634127138503620000
634178847458508000
634322736221773000
634376535707411000
634386908294131000
634418845678375000
634452937961208000
634554129244843000
634564834831086000
634656133262738000
634689906043177000
634723044731700000
634757132508516000
634854729586895000
634865435169805000
634963643632595000
634997402913005000
635026935176613000
635061333450286000
635163775536481000
635169936083665000
635266031307495000
635300105604316000
635328444433766000
635363139735993000
635457447032842000
635468139124356000
635569636218154000
635604007521552000
635632640756730000
635667939064694000
635751734811856000
635762440403781000
635872343176273000
635907308480499000
635935644006557000
635971540814925000
636055330618987000
636066040708872000
636174447004489000
636210010815687000
636238044285206000
636274836603708000
636359837807613000
636370538898498000
636475947728229000
636512407050331000
636540746177105000
636552063767716000
636552072767792000
636578438493599000
636676348149696000
636687035738703000
636778339972558000
636815708298102000
636843434925174000
636882337760763000
636966138307641000
636976834896076000
637080443795816000
637119004628403000
637147034955379000
637187139288596000
637272435308434000
637283136395031000
637381649262430000
637421407100216000
637448536994163000
637489842842892000
637581453116978000
637588864676473000
637588873676548000
637592140703646000
637682841433363000
637724111284588000
637752150069755000
637794940922687000
637891048015139000
637901740101155000
637984944921575000
638020864219934000
638020873220009000
638027411775472000
638054255420286000
638098540294134000
638187747522710000
638193639184000000
