-1,1 = [145 6646 41111 9044 56580]
-1,10 = [0 5191 41272 8202 54600]
-1,11 = [0 5473 33660 9298 48360]
-1,12 = [3001 8885 32444 3270 47550]
-1,13 = [0 8924 28474 8253 45600]
-1,14 = [0 9507 31335 8385 49140]
-1,15 = [0 1037 38573 6818 46380]
-1,16 = [59 7365 28117 14891 50340]
-1,17 = [0 10235 30289 8938 49410]
-1,18 = [0 5312 31226 12637 48990]
-1,19 = [0 13667 27849 9110 50550]
-1,2 = [2957 11020 186351 39841 238740]
-1,20 = [0 9364 30856 15146 55260]
-1,21 = [0 8869 34162 11605 54600]
-1,22 = [0 18698 32087 9036 59730]
-1,23 = [0 17745 34772 8597 61020]
-1,24 = [0 16752 29165 16375 62100]
-1,25 = [0 27439 61872 9474 98400]
-1,26 = [0 2891 11025 3974 17850]
-1,27 = [0 0 8023 1251 9270]
-1,28 = [0 0 4071 705 4770]
-1,3 = [4068 1206 33091 6284 44430]
-1,4 = [3389 2604 34637 7783 48270]
-1,5 = [2218 8190 46699 7208 64170]
-1,6 = [122 7467 58120 2962 68580]
-1,7 = [1470 4077 69377 3074 77910]
-1,8 = [1591 3076 46528 3638 54750]
-1,9 = [1242 5842 44860 4523 56340]
-10,10 = [755 0 87 0 840]
-10,11 = [9072 0 0 19 9090]
-10,12 = [15160 0 2343 45 17520]
-10,13 = [18636 0 1724 24 20370]
-10,14 = [18394 0 5498 130 24000]
-10,15 = [19416 0 8852 224 28440]
-10,16 = [20416 0 15325 206 35850]
-10,17 = [10906 0 22243 121 33240]
-10,18 = [12366 0 29501 144 41970]
-10,19 = [8039 0 41055 189 49230]
-10,20 = [3801 0 54915 69 58770]
-10,21 = [1108 0 62430 185 63690]
-10,22 = [292 0 60343 186 60810]
-10,23 = [78 0 78705 344 79110]
-10,24 = [938 121 90776 77 91890]
-10,25 = [0 0 35910 0 35910]
-10,26 = [0 15 34222 28 34260]
-10,27 = [0 0 360 0 360]
-11,10 = [60 0 0 0 60]
-11,11 = [7024 0 958 10 7980]
-11,12 = [13862 0 170 41 14070]
-11,13 = [18442 0 594 24 19050]
-11,14 = [23039 0 2867 44 25920]
-11,15 = [26359 0 3003 104 29430]
-11,16 = [25844 0 16149 257 42210]
-11,17 = [33661 0 17506 203 51300]
-11,18 = [20781 0 23216 313 44190]
-11,19 = [8139 0 32151 455 40710]
-11,20 = [619 0 42020 277 42900]
-11,21 = [4469 0 45218 385 50010]
-11,22 = [8365 5 64906 1844 75000]
-11,23 = [468 10 74291 711 75450]
-11,24 = [154 34 79833 88 80100]
-11,25 = [0 15 15475 23 15510]
-11,26 = [0 5 31226 0 31230]
-12,10 = [1620 0 0 0 1620]
-12,11 = [7591 0 756 0 8340]
-12,12 = [11102 0 780 0 11880]
-12,13 = [17580 0 0 0 17580]
-12,14 = [15393 0 56 5 15450]
-12,15 = [13147 0 1896 41 15060]
-12,16 = [9540 0 9529 259 19290]
-12,17 = [13082 0 16225 425 29670]
-12,18 = [15332 0 22445 577 38280]
-12,19 = [13096 18 38358 661 52050]
-12,20 = [12741 0 44778 479 57930]
-12,21 = [15926 0 63030 945 79800]
-12,22 = [8234 9 71748 1492 81360]
-12,23 = [9106 189 112542 1218 122940]
-12,24 = [0 0 29375 219 29580]
-12,25 = [5 0 34391 508 34890]
-12,26 = [0 5 14335 0 14340]
-13,10 = [2761 0 642 24 3420]
-13,11 = [4859 0 213 0 5070]
-13,12 = [7590 0 0 0 7590]
-13,13 = [9540 0 0 0 9540]
-13,14 = [11246 0 0 5 11250]
-13,15 = [13230 0 1745 59 15030]
-13,16 = [21210 0 2195 67 23460]
-13,17 = [28778 0 5259 101 34110]
-13,18 = [18375 0 17721 937 36960]
-13,19 = [11370 0 19087 596 30990]
-13,20 = [9971 0 26058 484 36450]
-13,21 = [9917 19 44846 1249 55890]
-13,22 = [9310 18 90588 1930 101670]
-13,23 = [6514 42 126292 3014 135660]
-13,24 = [208 45 14846 120 15210]
-13,25 = [1241 0 28435 651 30270]
-13,26 = [0 0 13740 0 13740]
-13,9 = [1200 0 0 0 1200]
-14,11 = [1200 0 0 0 1200]
-14,12 = [4470 0 0 0 4470]
-14,13 = [6030 0 0 0 6030]
-14,14 = [8160 0 0 0 8160]
-14,15 = [5760 0 0 0 5760]
-14,16 = [11846 0 1418 105 13350]
-14,17 = [8416 0 11391 398 20160]
-14,18 = [5434 9 18644 1186 25200]
-14,19 = [11774 37 18296 1993 31950]
-14,20 = [15537 5 16513 1281 33210]
-14,21 = [12485 5 32988 1673 47040]
-14,22 = [14265 32 69380 1094 84630]
-14,23 = [9612 46 85709 7347 102480]
-14,24 = [5661 128 25699 1079 32490]
-14,25 = [3879 0 26715 2497 33000]
-14,26 = [0 0 2610 0 2610]
-15,12 = [1800 0 0 0 1800]
-15,13 = [2490 0 0 0 2490]
-15,14 = [4275 0 492 5 4770]
-15,15 = [10299 0 802 38 11130]
-15,16 = [7151 0 4312 288 11700]
-15,17 = [12384 0 4754 77 17190]
-15,18 = [9068 0 10093 1444 20490]
-15,19 = [8350 24 15908 1111 25290]
-15,20 = [11702 24 24898 2226 38730]
-15,21 = [6892 5 38472 1584 46830]
-15,22 = [16528 0 78570 4362 99270]
-15,23 = [3209 0 29781 3519 36330]
-15,24 = [609 114 23653 754 25080]
-15,25 = [7050 0 17319 1946 26190]
-16,12 = [540 0 0 0 540]
-16,13 = [3390 0 0 0 3390]
-16,14 = [6205 0 0 5 6210]
-16,15 = [5442 0 417 25 5850]
-16,16 = [4899 0 954 25 5850]
-16,17 = [10302 0 4803 187 15240]
-16,18 = [15527 0 5684 640 21810]
-16,19 = [10121 0 13633 1713 25380]
-16,20 = [15144 0 14940 2945 32910]
-16,21 = [13307 0 26672 913 40770]
-16,22 = [26772 14 73046 4144 103620]
-16,23 = [537 55 25354 5970 31770]
-16,24 = [122 14 19352 2620 21990]
-16,25 = [13480 0 7458 334 21240]
-17,10 = [2430 0 0 0 2430]
-17,11 = [3990 0 0 0 3990]
-17,12 = [5365 5 0 0 5370]
-17,13 = [5970 0 0 0 5970]
-17,14 = [5871 0 9 0 5880]
-17,15 = [4586 0 817 5 5400]
-17,16 = [807 0 4826 15 5640]
-17,17 = [8291 0 5798 112 14190]
-17,18 = [10726 0 10772 1822 23190]
-17,19 = [9496 0 18503 1351 29250]
-17,20 = [12550 0 22714 1386 36540]
-17,21 = [19764 55 42108 2917 64620]
-17,22 = [19846 14 30249 2016 51990]
-17,23 = [295 52 8208 4927 13320]
-17,24 = [13457 0 31824 7138 52170]
-17,25 = [150 0 0 0 150]
-18,10 = [5186 0 0 5 5190]
-18,11 = [5310 0 0 0 5310]
-18,12 = [5815 0 0 5 5820]
-18,13 = [5220 0 0 0 5220]
-18,14 = [4893 0 53 10 4950]
-18,15 = [5122 0 1182 10 6270]
-18,16 = [2179 0 4974 61 7200]
-18,17 = [10256 0 5462 160 15810]
-18,18 = [9229 0 14760 223 24180]
-18,19 = [6003 0 23022 4196 33060]
-18,20 = [9295 0 33999 5332 48360]
-18,21 = [14111 236 45400 5046 64530]
-18,22 = [69 0 10738 312 11100]
-18,23 = [1629 0 7435 1487 10500]
-18,24 = [5600 78 33684 4204 43350]
-18,6 = [540 0 0 0 540]
-18,7 = [4050 0 0 0 4050]
-18,8 = [4526 5 0 0 4530]
-18,9 = [7136 0 0 5 7140]
-19,10 = [4945 0 5 0 4950]
-19,11 = [4710 0 0 0 4710]
-19,12 = [6338 0 44 15 6390]
-19,13 = [5275 0 99 5 5370]
-19,14 = [6594 0 583 34 7170]
-19,15 = [7239 0 1313 9 8550]
-19,16 = [10724 0 646 25 11370]
-19,17 = [9749 0 8444 761 18870]
-19,18 = [12157 0 11886 3103 26970]
-19,19 = [13793 5 23633 2761 40020]
-19,20 = [15943 271 32432 2375 50850]
-19,21 = [12796 0 13927 2087 28620]
-19,22 = [1632 0 3158 2453 7200]
-19,23 = [1328 0 13263 3355 17790]
-19,24 = [0 325 16742 7526 24420]
-19,3 = [3270 0 0 0 3270]
-19,4 = [1590 0 0 0 1590]
-19,5 = [5670 0 0 0 5670]
-19,6 = [5610 0 0 0 5610]
-19,7 = [6660 0 0 0 6660]
-19,8 = [6925 0 5 0 6930]
-19,9 = [4230 0 896 5 5130]
-2,1 = [5008 717 163930 15683 184320]
-2,10 = [160 1278 40330 6324 48030]
-2,11 = [3777 3033 40686 1352 48810]
-2,12 = [30 7163 32101 4349 43620]
-2,13 = [993 3113 39069 4042 47160]
-2,14 = [90 884 44167 1834 46950]
-2,15 = [9 1880 40887 5521 48240]
-2,16 = [64 5916 38870 2710 47490]
-2,17 = [0 784 44855 3490 49080]
-2,18 = [0 3823 39811 5071 48630]
-2,19 = [0 5002 39504 6957 51360]
-2,2 = [35847 31824 542527 60013 667530]
-2,20 = [0 3547 32823 14230 50490]
-2,21 = [14 8233 42563 7038 57780]
-2,22 = [0 14314 40346 9113 63660]
-2,23 = [0 24614 28498 3392 56460]
-2,24 = [0 16218 47354 6901 70410]
-2,25 = [0 8377 76017 4463 88680]
-2,26 = [0 3326 14385 1770 19470]
-2,27 = [0 5469 15324 986 21750]
-2,28 = [0 7812 5234 1947 14970]
-2,29 = [0 785 28 362 1170]
-2,3 = [24592 25913 581535 58209 687450]
-2,4 = [27682 17680 581251 38939 663930]
-2,5 = [37264 19257 498839 36011 590340]
-2,6 = [32345 2960 391657 28591 455040]
-2,7 = [22901 108 166112 5817 194730]
-2,8 = [3649 98 55246 1508 60450]
-2,9 = [1962 1573 49008 991 53490]
-20,10 = [5850 0 0 0 5850]
-20,11 = [5935 0 250 5 6180]
-20,12 = [5074 0 566 48 5670]
-20,13 = [4007 0 2073 822 6870]
-20,14 = [7525 0 3158 28 10710]
-20,15 = [11010 0 4105 70 15180]
-20,16 = [13205 0 5782 232 19170]
-20,17 = [15179 0 4185 722 20010]
-20,18 = [16788 0 8949 1298 26940]
-20,19 = [15676 0 8730 3251 27540]
-20,2 = [1410 0 0 0 1410]
-20,20 = [14542 10 10345 4924 29670]
-20,21 = [3327 0 2646 393 6330]
-20,22 = [760 0 5184 2659 8520]
-20,23 = [3179 0 29488 8091 40470]
-20,24 = [0 0 1119 207 1320]
-20,3 = [11280 0 0 0 11280]
-20,4 = [15197 0 190 5 15390]
-20,5 = [15921 0 0 10 15930]
-20,6 = [7080 0 0 0 7080]
-20,7 = [6420 0 0 0 6420]
-20,8 = [5160 0 0 0 5160]
-20,9 = [5490 0 0 0 5490]
-21,10 = [9506 0 0 5 9510]
-21,11 = [10075 0 0 5 10080]
-21,12 = [8460 0 0 0 8460]
-21,13 = [11131 0 1162 5 12270]
-21,14 = [15705 0 34 15 15750]
-21,15 = [14845 0 1348 14 16200]
-21,16 = [19469 0 4276 44 23760]
-21,17 = [14977 0 9303 1171 25320]
-21,18 = [18851 0 9513 762 29040]
-21,19 = [12372 0 8948 1356 22620]
-21,20 = [6371 0 575 123 7050]
-21,21 = [2338 0 446 86 2850]
-21,22 = [4519 5 5546 5424 15420]
-21,23 = [7786 0 13013 7846 28470]
-21,3 = [3600 0 0 0 3600]
-21,4 = [12706 0 336 19 13050]
-21,5 = [23791 0 92 0 23880]
-21,6 = [25187 0 582 30 25770]
-21,7 = [13864 0 1482 39 15330]
-21,8 = [9390 0 0 0 9390]
-21,9 = [8910 0 0 0 8910]
-22,10 = [20421 0 356 25 20790]
-22,11 = [22003 0 0 19 22020]
-22,12 = [23432 0 61 0 23490]
-22,13 = [20157 0 314 5 20460]
-22,14 = [15737 0 3186 121 19020]
-22,15 = [11989 0 6941 338 19200]
-22,16 = [12530 0 5857 401 18720]
-22,17 = [18810 0 11267 1136 31050]
-22,18 = [12719 0 4472 4887 21960]
-22,20 = [0 0 5667 2054 7680]
-22,21 = [0 46 2924 649 3600]
-22,22 = [8047 0 7967 6825 22740]
-22,4 = [5275 0 0 5 5280]
-22,5 = [14131 0 784 67 14970]
-22,6 = [27108 0 1695 200 28920]
-22,7 = [27864 0 960 60 28830]
-22,8 = [23203 0 2212 34 25350]
-22,9 = [19639 0 2314 20 21930]
-23,10 = [17879 0 1883 71 19770]
-23,11 = [13857 0 2280 14 16140]
-23,12 = [15383 0 1796 30 17190]
-23,13 = [17245 0 1034 72 18330]
-23,14 = [27184 0 2498 67 29700]
-23,15 = [27908 0 643 60 28590]
-23,16 = [15853 0 1189 37 17070]
-23,17 = [4544 67 1740 311 6630]
-23,18 = [0 536 4950 1446 6900]
-23,19 = [1230 125 2845 4623 8790]
-23,20 = [5492 0 3321 88 8880]
-23,21 = [4512 0 2450 876 7800]
-23,22 = [3360 0 0 0 3360]
-23,4 = [90 0 0 0 90]
-23,5 = [4277 0 107 10 4380]
-23,6 = [5831 0 2661 78 8460]
-23,7 = [16655 0 4339 218 21120]
-23,8 = [21335 0 3689 122 25080]
-23,9 = [21617 0 3406 59 24990]
-24,10 = [15241 0 5959 492 21630]
-24,11 = [18727 0 2993 72 21750]
-24,12 = [18578 0 3698 122 22350]
-24,13 = [11676 0 10135 345 22050]
-24,14 = [7779 0 2802 29 10590]
-24,15 = [9234 0 856 91 10170]
-24,16 = [3576 19 5438 1120 10020]
-24,17 = [1412 59 3399 744 5580]
-24,18 = [299 0 1079 9 1380]
-24,19 = [5509 0 991 24 6510]
-24,21 = [23 0 990 840 1830]
-24,5 = [270 0 0 0 270]
-24,6 = [4050 0 0 0 4050]
-24,7 = [3381 0 578 40 3930]
-24,8 = [5413 0 2783 157 8250]
-24,9 = [6432 0 4955 201 11550]
-25,10 = [113 0 1705 117 1920]
-25,11 = [3091 0 396 45 3510]
-25,7 = [3540 0 0 0 3540]
-25,8 = [3330 0 0 0 3330]
-25,9 = [795 0 2079 15 2880]
-26,10 = [4222 0 430 44 4680]
-26,11 = [2310 0 0 0 2310]
-26,16 = [1494 0 3334 706 5400]
-26,17 = [2097 0 6398 490 8850]
-26,18 = [133 0 8310 373 8790]
-26,19 = [0 0 1260 0 1260]
-26,8 = [350 0 594 10 930]
-26,9 = [3178 0 1300 69 4500]
-27,10 = [657 0 2627 411 3660]
-27,11 = [2580 0 0 0 2580]
-27,12 = [3027 0 2098 129 5220]
-27,13 = [5481 0 9 0 5490]
-27,14 = [5820 0 0 0 5820]
-27,15 = [3962 0 1694 630 6240]
-27,16 = [92 0 1100 91 1260]
-27,17 = [187 0 6436 15 6630]
-27,18 = [567 0 8351 67 8970]
-27,19 = [49 0 1517 0 1560]
-28,10 = [410 0 306 15 720]
-28,11 = [3454 0 1720 240 5370]
-28,12 = [3860 0 1754 102 5700]
-28,13 = [1365 0 4461 226 6000]
-28,14 = [10 0 6144 307 6420]
-28,15 = [4877 0 1999 10 6870]
-28,16 = [1296 0 5989 147 7410]
-28,17 = [10 0 1432 0 1440]
-3,1 = [43107 1169 97485 5382 146790]
-3,10 = [4267 307 43526 256 48330]
-3,11 = [5775 371 36947 33 43110]
-3,12 = [1906 4340 38118 2223 46560]
-3,13 = [3153 503 43534 1177 48330]
-3,14 = [625 354 44325 676 45960]
-3,15 = [0 508 42486 1540 44520]
-3,16 = [232 1819 42247 1616 45900]
-3,17 = [0 1858 44129 1967 47910]
-3,18 = [41 1037 44586 4335 49920]
-3,19 = [0 923 42981 5413 49290]
-3,2 = [76313 2635 222924 10049 311340]
-3,20 = [0 1157 42241 7127 50490]
-3,21 = [14 4317 51330 6334 61920]
-3,22 = [0 9638 49028 1506 60150]
-3,23 = [0 5040 44406 2091 51510]
-3,24 = [0 4082 69167 1510 74730]
-3,25 = [0 3331 68542 4405 76230]
-3,26 = [0 315 12330 436 13080]
-3,27 = [0 6466 4590 4088 15120]
-3,28 = [0 0 2250 0 2250]
-3,3 = [92812 6781 241360 10214 350550]
-3,4 = [85094 1611 272812 8237 367200]
-3,5 = [85806 3950 286701 6486 382590]
-3,6 = [89117 9106 346968 9314 454140]
-3,7 = [75218 3991 499719 11276 589650]
-3,8 = [57321 1698 449994 6642 515280]
-3,9 = [13426 14 147160 197 160740]
-4,1 = [69874 3021 47440 1322 121530]
-4,10 = [70570 5127 188530 731 264750]
-4,11 = [12949 743 33657 53 47370]
-4,12 = [9536 1680 37086 97 48330]
-4,13 = [5401 0 41565 73 47010]
-4,14 = [2084 0 41050 17 43140]
-4,15 = [14 337 45170 1347 46800]
-4,16 = [143 3490 41717 774 46110]
-4,17 = [113 221 45268 2905 48480]
-4,18 = [18 350 44537 4437 49320]
-4,19 = [0 38 49454 2074 51540]
-4,2 = [132490 4763 71616 1703 210330]
-4,20 = [0 626 50490 2993 54090]
-4,21 = [733 5281 49884 1547 57420]
-4,22 = [931 3040 56001 856 60810]
-4,23 = [0 1415 56876 1178 59460]
-4,24 = [0 6559 47171 2233 55860]
-4,25 = [32 1081 73914 480 75480]
-4,26 = [74 7801 8833 385 17070]
-4,27 = [0 2827 24090 62 26970]
-4,28 = [0 2508 210 6985 9660]
-4,3 = [206230 0 103482 1324 310740]
-4,4 = [177743 245 122281 1180 301200]
-4,5 = [180220 0 119149 536 299640]
-4,6 = [135020 5038 165165 1745 306720]
-4,7 = [116200 141 210227 1365 327690]
-4,8 = [99946 279 245096 1375 346440]
-4,9 = [95152 2355 373426 2314 472950]
-5,1 = [19410 0 1050 0 20460]
-5,10 = [124535 639 141752 382 267060]
-5,11 = [49934 665 43304 530 94290]
-5,12 = [22415 0 24289 74 46740]
-5,13 = [11848 5 32536 83 44430]
-5,14 = [5300 901 38391 524 45060]
-5,15 = [1437 0 44775 90 46290]
-5,16 = [866 0 44295 2116 47250]
-5,17 = [49 765 48961 1971 51720]
-5,18 = [19 686 46014 3068 49770]
-5,19 = [560 89 48265 1298 50190]
-5,2 = [30488 120 4318 28 34950]
-5,20 = [748 41 54834 794 56400]
-5,21 = [235 2433 52955 1956 57540]
-5,22 = [0 462 53784 2192 56400]
-5,23 = [0 2240 65777 1453 69450]
-5,24 = [0 3477 74170 4029 81570]
-5,25 = [63 118 66553 144 66870]
-5,26 = [0 4158 9573 573 14280]
-5,27 = [0 304 14176 196 14670]
-5,3 = [67937 0 6119 34 74070]
-5,4 = [113720 0 18896 103 132690]
-5,5 = [139023 0 33639 244 172800]
-5,6 = [164680 472 54301 947 220260]
-5,7 = [118045 0 74380 373 192630]
-5,8 = [94850 0 70330 483 165510]
-5,9 = [95445 0 89701 195 185160]
-6,1 = [8576 0 0 5 8580]
-6,10 = [110916 0 61365 232 172410]
-6,11 = [77676 0 20183 123 97890]
-6,12 = [31122 0 15275 116 46470]
-6,13 = [23368 0 24000 125 47430]
-6,14 = [12391 0 35076 114 47550]
-6,15 = [8322 0 36426 92 44820]
-6,16 = [4180 0 48594 127 52860]
-6,17 = [3327 0 40388 119 43800]
-6,18 = [1565 34 47961 951 50490]
-6,19 = [2203 0 47284 513 49980]
-6,2 = [7315 0 0 5 7320]
-6,20 = [2584 205 51081 182 54030]
-6,21 = [2339 102 57520 250 60180]
-6,22 = [241 0 56641 1502 58350]
-6,23 = [0 9 66611 76 66690]
-6,24 = [0 1023 99145 684 100830]
-6,25 = [180 1288 65971 2352 69780]
-6,26 = [0 235 15630 845 16710]
-6,27 = [0 9490 22020 1488 32970]
-6,3 = [11386 0 0 15 11400]
-6,4 = [61204 0 1391 20 62610]
-6,5 = [63748 0 14 20 63780]
-6,6 = [46127 0 0 15 46140]
-6,7 = [43664 0 4506 53 48210]
-6,8 = [72209 0 14161 97 86400]
-6,9 = [99744 0 17868 159 117690]
-7,1 = [3282 0 0 55 3330]
-7,10 = [87406 0 19800 131 107280]
-7,11 = [54567 0 11515 78 66120]
-7,12 = [36545 0 9482 73 46080]
-7,13 = [33245 0 12515 214 45900]
-7,14 = [21937 0 23665 169 45690]
-7,15 = [19323 0 33611 106 52980]
-7,16 = [13080 5 31593 126 44760]
-7,17 = [8010 0 41733 105 49800]
-7,18 = [9252 0 38916 71 48210]
-7,19 = [5043 0 47435 99 52530]
-7,2 = [3646 0 0 15 3660]
-7,20 = [2186 51 53018 414 55650]
-7,21 = [0 0 61531 641 62160]
-7,22 = [0 5 58367 424 58770]
-7,23 = [0 15 68031 481 68490]
-7,24 = [0 3132 65658 1810 70590]
-7,25 = [27 0 45414 9 45450]
-7,26 = [0 0 13650 0 13650]
-7,27 = [0 0 10590 0 10590]
-7,3 = [5331 0 0 45 5370]
-7,4 = [33226 0 0 50 33270]
-7,5 = [31401 0 0 10 31410]
-7,6 = [16131 0 0 10 16140]
-7,7 = [6716 0 0 5 6720]
-7,8 = [19641 0 0 10 19650]
-7,9 = [46127 0 0 15 46140]
-8,10 = [58495 0 988 84 59550]
-8,11 = [29708 0 2599 112 32400]
-8,12 = [40634 0 1218 45 41880]
-8,13 = [35785 10 7347 88 43170]
-8,14 = [31466 0 14167 120 45690]
-8,15 = [28208 0 22724 134 51000]
-8,16 = [15027 0 34243 400 49620]
-8,17 = [12691 0 35389 44 48090]
-8,18 = [12249 203 35794 547 48750]
-8,19 = [3774 0 46374 84 50220]
-8,20 = [3288 5 52810 179 56250]
-8,21 = [3741 0 51661 138 55500]
-8,22 = [1066 51 54822 91 56010]
-8,23 = [167 264 62419 405 63240]
-8,24 = [199 356 108769 4132 113430]
-8,25 = [0 24 26293 86 26400]
-8,26 = [0 0 16950 0 16950]
-8,27 = [0 141 17453 29 17610]
-8,3 = [90 0 0 0 90]
-8,4 = [8640 0 0 0 8640]
-8,5 = [4466 0 0 5 4470]
-8,6 = [1713 0 337 0 2040]
-8,7 = [3780 0 0 0 3780]
-8,8 = [6510 0 0 0 6510]
-8,9 = [23027 0 14 0 23040]
-9,10 = [16946 0 24 50 17010]
-9,11 = [22463 0 1891 40 24360]
-9,12 = [20627 0 5027 29 25650]
-9,13 = [24171 0 12292 111 36540]
-9,14 = [33826 0 15658 188 49620]
-9,15 = [24245 0 21735 388 46320]
-9,16 = [24254 0 20549 112 44880]
-9,17 = [22396 0 25835 191 48360]
-9,18 = [12612 0 38856 271 51660]
-9,19 = [9951 0 40178 261 50340]
-9,20 = [2595 0 44034 66 46680]
-9,21 = [3399 0 40036 57 43470]
-9,22 = [0 0 39688 32 39720]
-9,23 = [0 33 61497 66 61590]
-9,24 = [1419 38 94092 180 95700]
-9,25 = [0 0 13290 0 13290]
-9,26 = [0 0 15180 0 15180]
-9,27 = [0 0 1890 0 1890]
-9,6 = [180 0 0 0 180]
-9,7 = [926 0 0 5 930]
-9,8 = [3625 0 0 5 3630]
-9,9 = [8156 0 0 5 8160]
0,10 = [131 16725 27015 14312 58020]
0,11 = [0 10309 31750 11061 53040]
0,12 = [1157 12687 24549 6780 45090]
0,13 = [36 14516 24291 8545 47280]
0,14 = [0 17309 13281 15255 45750]
0,15 = [0 9228 31259 8423 48810]
0,16 = [0 7976 27742 13056 48750]
0,17 = [69 16886 18694 14677 50250]
0,18 = [0 13818 19757 16450 49950]
0,19 = [0 19960 16471 16411 52740]
0,2 = [10 2163 5478 2299 9870]
0,20 = [23 20572 18168 14605 53280]
0,21 = [0 26717 19308 12156 58020]
0,22 = [0 23242 26114 11362 60510]
0,23 = [0 19381 30790 12189 62280]
0,24 = [0 19658 33380 13898 66810]
0,25 = [0 35356 22530 28231 85590]
0,26 = [0 5445 7478 6750 19620]
0,27 = [0 5142 3049 5056 13230]
0,28 = [0 237 12794 206 13230]
0,3 = [791 4107 15462 7581 27780]
0,4 = [15 6420 22233 10988 39540]
0,5 = [10 12717 27471 19082 59100]
0,6 = [47 21123 34479 17806 73170]
0,7 = [25 13052 52931 11560 77340]
0,8 = [5 14997 33315 9196 57330]
0,9 = [0 12843 31225 13307 57180]
1,10 = [0 20641 16531 20768 57810]
1,11 = [14 22903 11201 27204 61110]
1,12 = [0 28161 14419 12118 54600]
1,13 = [28 27127 8081 10657 45780]
1,14 = [0 23822 10924 14429 49050]
1,15 = [0 17827 16144 13571 47370]
1,16 = [0 15104 19488 13289 47760]
1,17 = [5 15926 21282 13491 50580]
1,18 = [55 21918 11147 19764 52770]
1,19 = [0 17495 11745 23032 52140]
1,2 = [5 4024 949 2111 7050]
1,20 = [0 35057 5974 14144 55080]
1,21 = [0 30130 12579 14385 56970]
1,22 = [0 19814 19342 19731 58800]
1,23 = [0 26352 16640 23946 66600]
1,24 = [0 30802 18315 16274 65130]
1,25 = [0 31966 30568 12047 74370]
1,26 = [0 9112 6913 12309 28260]
1,27 = [0 8200 248 2929 11370]
1,28 = [0 0 360 0 360]
1,3 = [96 7597 7593 6112 21270]
1,4 = [0 18902 15310 15608 49650]
1,5 = [9 23239 9295 20392 52770]
1,6 = [0 29957 16412 19349 65520]
1,7 = [38 29191 25437 25706 80160]
1,8 = [15 29862 17766 17622 64950]
1,9 = [23 21843 15474 18875 55860]
10,18 = [0 5932 0 526 6450]
10,19 = [0 18600 0 0 18600]
10,20 = [0 25809 0 147 25950]
10,21 = [0 24530 0 132 24660]
10,22 = [0 4770 0 0 4770]
10,28 = [0 12777 1128 4159 18000]
10,29 = [0 2370 0 0 2370]
11,10 = [0 10740 0 0 10740]
11,12 = [0 8103 0 28 8130]
11,13 = [0 15242 0 29 15270]
11,14 = [0 24817 0 55 24870]
11,15 = [0 26611 0 316 26910]
11,16 = [0 41115 0 2199 43230]
11,17 = [0 36017 0 106 36120]
11,18 = [0 47446 0 847 48270]
11,19 = [0 22494 0 955 23430]
11,20 = [0 7714 0 363 8070]
11,28 = [0 13431 0 4247 17640]
11,29 = [0 1215 0 1503 2700]
11,4 = [0 4710 0 0 4710]
11,5 = [0 1290 0 0 1290]
11,6 = [0 3210 0 0 3210]
11,7 = [0 6372 0 141 6510]
11,8 = [0 70787 0 454 71220]
11,9 = [0 8190 0 0 8190]
12,10 = [0 52638 0 418 53040]
12,11 = [0 42109 0 780 42870]
12,12 = [0 52478 0 610 53070]
12,13 = [0 43061 0 5264 48210]
12,14 = [0 25298 0 6116 31290]
12,15 = [0 10251 0 9 10260]
12,16 = [0 2623 0 84 2700]
12,27 = [0 6156 0 59 6210]
12,28 = [0 14194 0 118 14310]
12,4 = [0 8880 0 0 8880]
12,5 = [0 8816 0 5 8820]
12,7 = [0 23048 0 23 23070]
12,8 = [0 191723 0 1712 193350]
12,9 = [0 55740 0 0 55740]
13,26 = [0 3210 0 0 3210]
13,27 = [0 13103 0 6142 19170]
13,28 = [0 848 0 147 990]
13,3 = [0 1020 0 0 1020]
13,4 = [0 9780 0 0 9780]
13,5 = [0 10740 0 0 10740]
13,7 = [0 33629 0 65 33690]
13,8 = [0 25620 0 2792 28290]
14,20 = [0 1950 0 0 1950]
14,25 = [0 10423 0 2481 12870]
14,26 = [0 15319 0 41 15360]
14,27 = [0 1920 0 0 1920]
14,28 = [0 9899 0 68 9960]
14,3 = [0 8130 0 0 8130]
14,4 = [0 6390 0 0 6390]
14,5 = [0 14520 0 0 14520]
14,6 = [0 12810 0 0 12810]
14,7 = [0 52267 0 5439 57480]
14,8 = [0 13527 0 67 13590]
14,9 = [0 19800 0 0 19800]
15,10 = [0 810 0 0 810]
15,11 = [0 7230 0 0 7230]
15,12 = [0 23378 198 1275 24720]
15,13 = [0 2640 0 0 2640]
15,15 = [0 4110 0 0 4110]
15,19 = [0 3030 0 0 3030]
15,20 = [0 7121 0 50 7170]
15,21 = [0 15904 0 28 15930]
15,22 = [0 13143 0 241 13380]
15,23 = [0 20966 0 5 20970]
15,24 = [0 21361 0 279 21630]
15,25 = [0 30253 0 999 31230]
15,26 = [0 3685 0 5 3690]
15,4 = [0 26696 0 5 26700]
15,5 = [0 69969 0 944 70890]
15,6 = [0 108267 0 2435 110640]
15,7 = [0 44910 0 3196 48000]
15,8 = [0 25444 0 913 26310]
15,9 = [0 7230 0 0 7230]
16,10 = [0 26266 0 1688 27930]
16,11 = [0 10563 0 28 10590]
16,12 = [0 43742 0 686 44370]
16,13 = [0 64761 0 1272 66000]
16,14 = [0 37402 0 10 37410]
16,15 = [0 27642 0 330 27960]
16,16 = [0 52196 0 163 52350]
16,17 = [0 29182 0 1946 31050]
16,18 = [0 32549 0 258 32790]
16,19 = [0 43782 0 580 44340]
16,20 = [0 43708 5 1698 45330]
16,21 = [0 15399 0 2329 17700]
16,22 = [0 14190 0 0 14190]
16,23 = [0 10881 0 109 10980]
16,24 = [0 4937 5 4366 9270]
16,25 = [0 10041 0 132 10170]
16,7 = [0 15002 0 1125 16110]
16,8 = [0 4440 0 0 4440]
16,9 = [0 7041 0 9 7050]
17,17 = [0 690 0 0 690]
2,10 = [5 39136 6376 21363 66480]
2,11 = [23 30709 2854 28950 62370]
2,12 = [0 39252 2207 17094 58320]
2,13 = [0 35104 5791 12663 53460]
2,14 = [5 29824 1696 19942 51330]
2,15 = [0 22381 11050 16260 49590]
2,16 = [0 23434 7584 19586 50430]
2,17 = [0 26708 12297 11448 50310]
2,18 = [47 24067 12580 18037 54600]
2,19 = [0 26432 4666 21202 52170]
2,2 = [0 930 216 2712 3840]
2,20 = [0 29878 5867 19511 55140]
2,21 = [0 32996 6077 13804 52770]
2,22 = [0 38008 13443 10706 61980]
2,23 = [0 18215 16909 19944 54960]
2,24 = [0 30272 11152 14136 55470]
2,25 = [0 59001 12296 21683 92730]
2,26 = [0 8861 2494 3511 14820]
2,27 = [0 5470 0 205 5670]
2,28 = [0 313 0 1470 1770]
2,29 = [0 9094 2206 5255 16500]
2,3 = [0 9148 3097 3892 16110]
2,4 = [46 31223 8145 15812 55020]
2,5 = [0 24350 3669 22310 50130]
2,6 = [0 30459 6877 18447 55440]
2,7 = [24 52762 6764 23350 82560]
2,8 = [24 32370 6467 29042 67620]
2,9 = [5 38726 3665 19373 61410]
3,10 = [5 36408 1554 28183 65730]
3,11 = [5 36857 1202 20414 58230]
3,12 = [0 45265 406 16590 62100]
3,13 = [0 36829 799 18954 56490]
3,14 = [0 30688 1567 16673 48810]
3,15 = [5 33038 1808 14081 48870]
3,16 = [0 20292 6068 13597 39900]
3,17 = [0 22776 3821 13950 40320]
3,18 = [14 24459 3316 21029 48600]
3,19 = [87 20694 4643 27752 52980]
3,20 = [0 26372 2178 20593 48990]
3,21 = [0 36651 2603 14757 53880]
3,22 = [0 41626 7491 8263 57240]
3,23 = [5 21731 9078 13758 44400]
3,24 = [0 9343 12041 24257 45450]
3,25 = [0 53841 7817 28740 90030]
3,26 = [0 5024 2485 92 7590]
3,27 = [0 6064 0 512 6570]
3,29 = [0 3552 1471 4508 9420]
3,3 = [14 9036 1274 6414 16710]
3,4 = [18 30945 279 15402 46560]
3,5 = [9 16555 1058 18327 35760]
3,6 = [5 33667 2396 20995 56730]
3,7 = [0 55636 1838 24587 81600]
3,8 = [0 51356 807 27808 79710]
3,9 = [0 34641 604 29461 64440]
4,10 = [0 38511 133 13090 51510]
4,11 = [0 30346 840 16358 47220]
4,12 = [5 32166 1012 12307 45330]
4,13 = [0 22133 240 14523 36840]
4,14 = [0 19660 237 11790 31620]
4,15 = [0 16363 152 13486 29970]
4,16 = [0 21193 2906 6752 30750]
4,17 = [0 14733 1368 11342 27360]
4,18 = [0 21580 1297 10288 32970]
4,19 = [68 20240 471 15288 35940]
4,20 = [0 23075 1035 10745 34770]
4,21 = [0 16586 292 10291 27060]
4,22 = [0 35569 1034 7759 44250]
4,23 = [0 27714 6918 8946 43410]
4,24 = [0 31642 2394 10440 44130]
4,25 = [0 57431 1969 18563 77670]
4,26 = [0 5439 404 1127 6960]
4,27 = [0 2250 0 0 2250]
4,29 = [0 7836 0 3175 10950]
4,3 = [0 13175 79 4770 18000]
4,4 = [0 17957 18 5485 23430]
4,5 = [0 14518 374 3929 18750]
4,6 = [0 19001 470 9272 28650]
4,7 = [0 30487 860 15317 46440]
4,8 = [0 46067 533 13062 59460]
4,9 = [0 26399 81 16279 42660]
5,10 = [0 27413 0 11789 39120]
5,11 = [0 18914 68 10087 28800]
5,12 = [0 17238 86 11447 28710]
5,13 = [9 19947 279 7075 27270]
5,14 = [0 11995 43 11141 23130]
5,15 = [0 14799 492 5962 21210]
5,16 = [0 14023 210 8104 22260]
5,17 = [0 12110 0 4323 16380]
5,18 = [0 7052 86 10545 17610]
5,19 = [0 8349 512 7064 15870]
5,20 = [0 14420 24 7352 21750]
5,21 = [0 18669 68 5960 24540]
5,22 = [0 24031 23 7538 31470]
5,23 = [0 30882 338 8111 39240]
5,24 = [0 35846 5285 8620 49440]
5,25 = [0 22410 1068 30237 53400]
5,26 = [0 871 1363 415 2640]
5,27 = [0 1410 0 0 1410]
5,3 = [0 1066 0 737 1800]
5,4 = [0 2043 14 14 2070]
5,5 = [0 3632 0 2464 6090]
5,6 = [0 2284 64 4443 6780]
5,7 = [0 3709 376 4499 8550]
5,8 = [0 15997 23 4854 20790]
5,9 = [0 15058 19 9371 24390]
6,10 = [0 7716 15 4973 12660]
6,11 = [0 7058 0 5463 12480]
6,12 = [0 11291 0 5557 16740]
6,13 = [0 9975 0 2609 12570]
6,14 = [0 9871 0 3971 13830]
6,15 = [0 6208 10 5535 11730]
6,16 = [0 9984 10 3844 13800]
6,17 = [0 4724 48 3969 8670]
6,18 = [0 4131 9 2561 6690]
6,19 = [0 2696 68 6334 9060]
6,20 = [0 4042 19 3785 7830]
6,21 = [0 14920 368 1783 16920]
6,22 = [0 14774 28 7504 22110]
6,23 = [0 20968 112 5667 26610]
6,24 = [0 82501 90 5175 87570]
6,25 = [0 23593 0 3718 27120]
6,29 = [0 8284 584 11061 19830]
6,5 = [0 270 0 0 270]
6,8 = [0 990 0 0 990]
6,9 = [0 2222 0 257 2460]
7,10 = [0 0 0 270 270]
7,11 = [0 132 0 201 330]
7,12 = [0 30 0 0 30]
7,13 = [0 2153 0 784 2910]
7,14 = [0 1483 0 20 1500]
7,15 = [0 3115 43 1722 4860]
7,16 = [0 3535 0 35 3570]
7,17 = [0 1966 69 1677 3690]
7,18 = [0 1561 0 35 1590]
7,19 = [0 960 0 0 960]
7,20 = [0 5867 0 2888 8640]
7,21 = [0 10338 0 767 11010]
7,22 = [0 11142 0 1704 12810]
7,23 = [0 26888 654 14541 41820]
7,24 = [0 61968 107 16225 78060]
7,28 = [0 195 0 51 240]
7,29 = [0 8174 0 4792 12600]
8,19 = [0 2725 0 244 2940]
8,20 = [0 10720 0 1067 11730]
8,21 = [0 9891 0 2523 12330]
8,22 = [0 15711 56 1517 17130]
8,23 = [0 72238 1351 23054 96390]
8,24 = [0 22868 0 5493 28320]
8,28 = [0 3300 0 0 3300]
9,19 = [0 1650 0 0 1650]
9,20 = [0 7337 0 14 7350]
9,21 = [0 16785 0 4856 21600]
9,22 = [0 51697 672 15260 67530]
9,23 = [0 44171 52 3875 48030]
9,28 = [0 3452 0 1431 4860]
9,29 = [0 11347 0 292 11610]
NaN,NaN = [0 0 0 0 0]
